100 27 31
-0.070000 54
2 2
14 
21 
4 1
6 
7 6
7 
12 
13 
17 
18 
26 
9 4
5 
7 
13 
20 
11 2
22 
24 
13 1
22 
14 1
18 
18 2
7 
14 
19 1
23 
20 1
20 
24 1
21 
25 3
2 
15 
26 
27 1
22 
28 2
21 
25 
29 5
3 
4 
12 
19 
20 
32 5
0 
4 
11 
16 
25 
33 2
0 
23 
34 2
2 
5 
39 1
25 
40 2
5 
8 
41 2
17 
24 
43 1
2 
45 1
14 
46 5
8 
9 
11 
17 
26 
48 1
5 
49 1
12 
50 2
11 
16 
52 3
2 
22 
23 
53 1
22 
54 3
4 
5 
12 
55 1
22 
58 1
20 
59 2
4 
6 
60 4
4 
9 
11 
22 
62 2
16 
24 
63 1
17 
64 2
11 
19 
66 4
0 
2 
4 
19 
68 2
3 
21 
69 1
11 
71 5
2 
3 
9 
17 
26 
73 1
21 
75 1
2 
76 1
5 
77 6
1 
2 
4 
8 
10 
16 
80 5
0 
12 
16 
17 
21 
85 5
9 
13 
14 
15 
17 
87 1
7 
89 1
25 
91 3
0 
11 
19 
92 2
8 
22 
94 3
9 
22 
24 
96 2
6 
11 
97 1
19 
0.040000 54
1 2
7 
19 
3 3
12 
18 
24 
6 5
4 
7 
11 
15 
21 
8 2
5 
23 
11 1
3 
12 7
3 
10 
13 
16 
20 
21 
25 
16 1
11 
17 1
23 
20 1
9 
23 4
7 
8 
10 
11 
24 2
4 
5 
27 2
1 
3 
28 3
0 
11 
12 
30 3
7 
10 
17 
31 3
12 
22 
23 
35 2
18 
22 
36 4
1 
3 
19 
26 
37 2
5 
20 
38 3
4 
7 
20 
42 6
2 
8 
9 
19 
24 
26 
44 1
6 
47 4
10 
19 
20 
23 
48 2
12 
18 
51 1
22 
54 2
24 
25 
55 1
6 
56 3
1 
10 
25 
57 1
13 
58 1
0 
59 2
11 
23 
63 1
6 
64 1
4 
65 1
23 
67 1
23 
70 1
4 
72 1
11 
74 2
1 
22 
75 1
20 
76 2
17 
24 
78 2
3 
9 
79 2
20 
25 
81 3
5 
8 
21 
84 5
1 
4 
5 
16 
25 
86 4
5 
12 
15 
25 
87 4
1 
9 
11 
14 
89 2
0 
4 
90 4
2 
15 
16 
23 
91 1
25 
93 1
4 
95 3
8 
19 
25 
96 1
21 
97 1
8 
98 1
21 
99 4
2 
3 
4 
5 
0.110000 5
99 3
8 
15 
16 
82 4
4 
10 
11 
25 
31 2
8 
15 
61 2
15 
19 
23 1
25 
-0.170000 1
92 1
4 
0.060000 34
3 2
0 
3 
5 2
1 
8 
11 1
1 
12 3
1 
23 
24 
14 1
0 
16 3
15 
17 
26 
17 1
18 
19 4
0 
5 
6 
8 
20 1
24 
23 4
2 
13 
17 
18 
30 2
12 
19 
31 3
4 
9 
25 
35 1
24 
36 2
21 
24 
37 2
1 
23 
38 2
10 
23 
40 1
11 
56 2
9 
19 
57 4
5 
6 
16 
19 
59 1
24 
61 1
18 
64 2
1 
2 
72 1
1 
74 1
18 
76 2
18 
26 
78 1
1 
81 1
0 
82 4
15 
16 
17 
23 
84 3
0 
10 
23 
86 1
8 
90 1
26 
93 2
11 
22 
95 3
4 
17 
18 
99 2
0 
11 
-0.050000 64
2 1
9 
3 3
10 
11 
20 
4 2
14 
25 
5 1
12 
6 2
20 
26 
7 5
3 
6 
9 
15 
24 
9 5
4 
6 
15 
18 
19 
10 3
0 
5 
25 
11 1
9 
13 2
13 
14 
14 3
16 
17 
19 
15 2
16 
19 
16 1
4 
17 2
8 
11 
18 7
0 
11 
12 
13 
16 
23 
24 
19 1
12 
22 4
9 
11 
15 
25 
24 1
12 
25 5
1 
19 
22 
23 
24 
26 2
11 
14 
27 3
10 
18 
26 
29 2
2 
9 
32 1
22 
33 4
2 
6 
20 
26 
34 3
10 
15 
16 
40 1
4 
41 3
3 
5 
6 
43 4
15 
17 
24 
26 
45 2
10 
12 
46 4
0 
6 
23 
25 
47 1
16 
48 4
1 
7 
13 
19 
50 1
10 
51 1
9 
52 4
3 
8 
16 
26 
53 1
0 
54 1
13 
55 4
2 
3 
16 
25 
58 1
14 
59 1
0 
62 2
15 
19 
63 1
9 
65 1
0 
66 4
3 
13 
14 
18 
67 3
0 
7 
8 
68 5
2 
5 
6 
22 
26 
69 1
3 
71 1
20 
73 4
3 
8 
13 
20 
74 1
6 
75 5
1 
3 
8 
12 
13 
76 2
3 
11 
77 4
5 
7 
12 
24 
78 1
18 
79 2
10 
13 
80 3
3 
22 
25 
83 1
14 
85 2
12 
20 
86 2
10 
23 
88 2
10 
19 
89 1
13 
94 3
10 
19 
25 
97 2
20 
23 
98 4
7 
8 
12 
13 
-0.100000 32
2 2
3 
13 
9 1
1 
11 1
25 
17 1
4 
18 4
4 
6 
19 
25 
19 1
25 
22 4
13 
14 
21 
22 
24 1
24 
25 1
21 
26 2
16 
25 
29 2
1 
11 
33 3
3 
8 
17 
35 1
4 
41 1
15 
43 3
3 
4 
12 
45 3
3 
15 
16 
46 2
13 
21 
52 3
0 
1 
19 
55 1
12 
60 3
20 
23 
26 
66 3
5 
6 
10 
68 2
7 
25 
69 2
1 
7 
71 2
5 
22 
73 2
9 
15 
77 2
17 
26 
78 1
19 
79 1
2 
80 3
2 
5 
11 
85 2
10 
22 
92 2
5 
6 
96 1
4 
0.080000 24
1 1
18 
5 1
5 
8 1
20 
11 2
7 
8 
12 1
9 
16 1
25 
19 1
1 
23 2
9 
21 
31 5
10 
14 
17 
19 
21 
36 1
11 
37 8
3 
11 
14 
16 
17 
18 
19 
25 
38 6
1 
2 
8 
9 
12 
19 
40 1
12 
56 2
6 
14 
57 1
17 
61 5
1 
8 
9 
10 
12 
64 1
8 
65 1
25 
72 1
21 
82 4
1 
5 
21 
26 
91 1
26 
93 1
8 
98 3
10 
11 
20 
99 5
9 
12 
13 
21 
22 
-0.140000 7
96 2
1 
7 
2 2
11 
26 
71 1
25 
53 1
23 
54 1
0 
55 1
18 
92 1
2 
0.120000 3
82 1
22 
37 2
22 
24 
61 3
4 
11 
24 
0.130000 3
82 5
7 
9 
12 
14 
18 
61 2
14 
25 
23 1
26 
-0.010000 75
0 3
2 
10 
15 
3 5
1 
2 
6 
7 
22 
4 3
2 
8 
9 
5 3
11 
13 
25 
6 5
2 
6 
9 
10 
19 
7 3
0 
2 
22 
8 5
0 
1 
12 
14 
25 
9 2
16 
17 
10 4
6 
7 
13 
23 
12 1
5 
13 2
1 
9 
14 1
11 
15 4
13 
17 
18 
20 
16 1
19 
17 1
13 
19 3
4 
14 
20 
20 2
4 
25 
21 2
3 
11 
22 1
2 
24 2
8 
25 
25 1
7 
27 2
9 
17 
28 3
14 
16 
18 
30 3
0 
3 
21 
32 4
12 
14 
20 
24 
33 4
9 
14 
15 
24 
34 3
3 
12 
23 
35 3
0 
9 
11 
36 2
7 
22 
39 2
4 
19 
40 4
0 
1 
16 
17 
41 2
18 
20 
43 3
1 
6 
25 
44 5
7 
8 
20 
24 
26 
46 1
3 
47 3
0 
2 
14 
48 1
9 
49 2
19 
24 
50 1
1 
51 2
2 
19 
53 1
7 
54 5
14 
15 
18 
19 
20 
56 2
20 
26 
58 2
5 
10 
59 4
2 
7 
12 
22 
60 2
17 
24 
62 2
6 
13 
63 5
3 
15 
18 
20 
26 
65 8
3 
4 
8 
13 
14 
16 
21 
24 
66 4
12 
16 
22 
26 
67 5
9 
12 
16 
19 
21 
69 5
12 
15 
18 
21 
23 
70 4
7 
11 
18 
25 
72 1
8 
73 1
17 
74 5
0 
12 
20 
21 
26 
75 3
0 
24 
25 
76 2
10 
13 
77 3
18 
21 
25 
81 2
18 
22 
83 2
7 
21 
84 1
8 
86 1
6 
87 3
3 
10 
26 
88 4
4 
11 
15 
25 
89 1
10 
90 5
3 
7 
10 
11 
17 
91 1
14 
92 1
25 
93 1
12 
94 2
3 
11 
95 6
1 
5 
7 
16 
21 
24 
96 1
9 
97 2
9 
12 
98 1
4 
0.030000 63
0 4
5 
8 
9 
24 
1 4
3 
13 
14 
20 
3 1
21 
5 2
0 
4 
6 3
5 
8 
14 
8 2
24 
26 
12 3
12 
18 
26 
13 2
0 
11 
14 2
5 
10 
16 4
8 
13 
21 
24 
17 3
12 
14 
19 
19 2
3 
15 
20 4
0 
12 
17 
22 
21 2
10 
23 
23 1
16 
24 1
1 
27 1
0 
28 3
2 
5 
10 
30 2
4 
22 
31 5
0 
2 
3 
6 
24 
34 1
19 
35 1
19 
36 4
2 
9 
17 
20 
37 1
10 
38 6
0 
3 
11 
14 
16 
18 
39 4
1 
2 
7 
8 
40 4
3 
19 
22 
24 
42 4
3 
5 
12 
22 
44 3
2 
15 
18 
47 3
9 
18 
25 
49 4
2 
4 
11 
18 
50 1
6 
51 2
12 
23 
54 1
23 
56 4
4 
8 
13 
24 
57 2
11 
26 
58 4
6 
12 
16 
24 
59 1
9 
62 1
1 
64 1
6 
65 6
6 
10 
11 
19 
22 
26 
66 1
24 
67 1
18 
69 1
26 
70 3
3 
15 
17 
72 5
0 
6 
10 
16 
18 
74 4
11 
14 
17 
25 
75 3
11 
23 
26 
76 2
12 
19 
78 1
2 
81 3
1 
12 
16 
83 5
15 
16 
20 
24 
26 
84 5
3 
6 
7 
17 
18 
86 1
7 
87 1
19 
88 3
22 
24 
26 
89 3
14 
19 
20 
90 2
4 
5 
91 3
7 
12 
23 
93 3
3 
13 
23 
95 1
20 
98 1
9 
99 3
7 
19 
20 
-0.150000 3
2 1
10 
53 1
21 
54 1
1 
0.020000 65
0 2
0 
3 
1 3
6 
9 
16 
3 2
15 
26 
4 1
24 
5 1
20 
8 3
3 
4 
13 
10 2
16 
19 
11 2
11 
12 
12 3
14 
17 
22 
13 2
12 
23 
14 1
3 
15 3
0 
3 
15 
16 1
7 
17 1
16 
19 2
7 
17 
20 2
1 
21 
21 4
1 
6 
7 
18 
23 2
1 
4 
24 1
20 
27 3
2 
5 
12 
28 2
9 
15 
30 4
1 
11 
13 
26 
33 1
25 
34 1
18 
35 1
26 
36 2
16 
18 
38 6
6 
13 
17 
22 
25 
26 
39 2
3 
11 
40 3
9 
18 
25 
42 4
11 
20 
21 
23 
47 1
26 
48 4
8 
21 
23 
26 
49 4
7 
9 
14 
20 
50 1
2 
51 6
3 
6 
7 
10 
25 
26 
55 2
7 
8 
56 5
0 
5 
12 
18 
21 
57 6
0 
3 
4 
20 
22 
25 
58 2
4 
7 
59 5
8 
10 
17 
19 
20 
62 1
2 
63 3
2 
22 
24 
64 1
17 
65 6
1 
5 
7 
12 
17 
20 
67 2
24 
26 
69 1
25 
70 5
5 
10 
19 
21 
24 
72 5
2 
9 
19 
22 
26 
74 1
3 
75 3
17 
19 
21 
76 3
15 
16 
22 
78 2
0 
15 
81 6
3 
6 
10 
11 
23 
25 
83 1
18 
84 4
2 
14 
22 
24 
86 3
2 
13 
19 
87 3
12 
16 
22 
88 2
7 
21 
89 2
1 
12 
90 2
0 
14 
91 3
5 
6 
22 
93 3
6 
7 
16 
95 4
6 
10 
23 
26 
96 3
15 
18 
25 
97 2
4 
13 
-0.090000 36
2 2
17 
18 
5 1
21 
9 4
2 
3 
11 
22 
11 1
19 
14 3
23 
24 
25 
16 2
1 
2 
17 1
0 
19 3
21 
22 
26 
25 2
8 
25 
26 1
21 
27 1
20 
29 4
0 
17 
22 
25 
32 2
6 
21 
33 1
16 
34 2
6 
8 
41 1
12 
43 1
0 
45 3
8 
9 
19 
46 2
1 
2 
50 2
14 
25 
52 3
5 
12 
13 
53 4
12 
14 
17 
25 
54 1
2 
55 3
9 
15 
23 
60 1
7 
62 1
25 
68 3
0 
12 
23 
69 2
5 
8 
71 5
6 
10 
13 
15 
18 
77 1
9 
80 1
19 
83 2
0 
3 
85 1
24 
92 2
15 
23 
96 1
14 
98 1
6 
0.090000 22
1 6
0 
4 
5 
8 
11 
21 
5 1
2 
11 1
2 
12 1
19 
13 1
6 
14 1
4 
17 1
24 
19 1
2 
23 4
3 
14 
20 
23 
31 1
7 
36 1
8 
37 3
7 
8 
15 
38 2
5 
15 
42 2
7 
15 
61 6
7 
16 
20 
21 
23 
26 
64 1
0 
76 1
25 
82 2
6 
13 
84 1
11 
95 1
15 
98 1
19 
99 3
18 
24 
25 
0.010000 75
0 3
13 
16 
26 
1 2
24 
26 
3 2
4 
25 
4 3
1 
15 
23 
5 2
16 
22 
6 1
3 
8 2
2 
8 
10 2
3 
14 
11 2
10 
15 
13 2
17 
21 
14 1
14 
15 1
6 
16 3
12 
18 
20 
17 1
17 
18 1
20 
19 1
9 
20 2
2 
3 
21 3
12 
16 
25 
23 1
0 
24 3
6 
7 
14 
25 1
0 
26 1
0 
27 5
7 
8 
11 
15 
16 
28 2
7 
13 
30 2
16 
23 
34 4
9 
13 
14 
22 
35 3
6 
15 
20 
37 1
26 
38 1
21 
39 2
5 
15 
40 2
10 
14 
41 1
26 
44 6
0 
1 
13 
16 
21 
23 
47 3
13 
21 
24 
48 2
6 
14 
49 3
6 
10 
22 
50 2
3 
5 
51 6
1 
8 
11 
13 
20 
24 
53 2
1 
6 
54 3
17 
22 
26 
55 2
0 
5 
56 1
22 
57 4
1 
2 
9 
14 
58 6
1 
15 
18 
19 
25 
26 
59 3
15 
21 
25 
60 1
15 
62 1
3 
63 4
0 
1 
8 
11 
64 3
7 
14 
16 
65 2
2 
15 
67 1
2 
69 2
16 
22 
70 3
9 
14 
26 
72 4
4 
7 
13 
15 
73 1
26 
74 1
13 
75 2
6 
14 
76 3
4 
8 
21 
78 4
4 
8 
13 
21 
79 1
14 
81 3
7 
13 
19 
83 3
6 
22 
25 
84 2
13 
21 
85 1
4 
86 1
22 
87 3
2 
13 
17 
88 2
12 
20 
89 3
2 
6 
16 
90 4
1 
9 
13 
25 
91 2
16 
17 
92 1
24 
93 7
0 
2 
10 
18 
19 
20 
26 
97 2
1 
2 
98 2
0 
23 
99 1
1 
0.150000 1
61 1
13 
-0.040000 68
0 1
23 
2 1
6 
3 3
8 
13 
16 
4 3
7 
10 
17 
6 3
0 
22 
23 
7 1
14 
10 3
20 
22 
26 
11 1
14 
13 1
24 
14 1
21 
15 4
8 
9 
12 
23 
17 1
10 
18 1
10 
20 3
7 
13 
26 
21 3
2 
5 
14 
22 3
8 
18 
24 
24 5
3 
17 
18 
22 
26 
25 3
5 
10 
17 
26 6
3 
5 
15 
19 
22 
23 
27 5
4 
19 
23 
24 
25 
28 2
19 
20 
29 2
8 
24 
32 3
10 
18 
19 
33 2
12 
18 
34 1
11 
35 2
5 
14 
39 2
22 
23 
41 2
7 
14 
43 3
8 
16 
21 
44 4
9 
10 
17 
22 
45 3
1 
6 
24 
46 3
10 
12 
16 
47 2
3 
5 
48 2
10 
17 
51 2
18 
21 
52 3
9 
15 
18 
53 1
19 
54 3
8 
10 
11 
55 2
14 
24 
58 1
22 
59 1
5 
60 3
14 
16 
25 
62 4
4 
9 
10 
12 
63 3
5 
7 
10 
64 1
20 
66 1
9 
67 2
13 
15 
68 1
8 
69 1
6 
70 3
2 
12 
13 
74 3
8 
15 
24 
75 2
4 
18 
76 1
14 
77 1
11 
78 4
12 
20 
22 
26 
79 1
6 
80 1
8 
83 2
17 
23 
85 1
19 
86 3
9 
14 
18 
87 3
4 
8 
21 
88 1
3 
89 2
7 
26 
91 2
2 
9 
92 2
12 
18 
94 3
13 
14 
18 
96 2
12 
23 
97 3
15 
17 
24 
-0.080000 52
2 4
0 
5 
7 
24 
3 1
5 
4 3
13 
18 
21 
5 1
18 
7 2
5 
8 
9 1
21 
11 2
20 
26 
14 2
20 
26 
15 1
24 
16 2
0 
3 
17 1
3 
18 1
26 
22 1
26 
24 1
19 
25 1
13 
26 2
4 
12 
29 2
7 
26 
32 3
1 
5 
9 
33 2
1 
22 
34 1
24 
35 1
8 
40 1
7 
41 2
21 
22 
43 2
13 
14 
46 4
7 
20 
22 
24 
47 1
6 
49 1
25 
50 2
20 
24 
52 2
10 
25 
54 1
7 
55 3
17 
20 
21 
60 2
13 
21 
62 1
14 
64 1
24 
66 1
11 
68 4
4 
10 
14 
18 
69 1
2 
71 3
4 
11 
12 
73 3
0 
2 
24 
76 2
0 
2 
77 1
19 
78 1
23 
79 2
9 
15 
80 3
13 
18 
26 
85 1
26 
87 1
6 
89 1
24 
91 1
1 
92 4
13 
14 
16 
26 
94 2
12 
26 
96 2
0 
13 
98 3
15 
16 
24 
-0.030000 75
0 1
17 
3 1
23 
4 2
11 
16 
5 3
14 
19 
26 
6 3
1 
12 
24 
7 2
11 
25 
9 6
0 
9 
10 
23 
25 
26 
10 3
2 
8 
9 
11 3
16 
21 
23 
12 1
6 
13 2
10 
16 
14 1
22 
15 5
10 
14 
22 
25 
26 
16 3
6 
9 
14 
17 1
5 
18 4
2 
9 
18 
22 
19 1
10 
20 2
16 
23 
21 1
17 
22 5
4 
10 
12 
16 
17 
24 1
11 
25 2
4 
11 
26 6
1 
2 
6 
13 
18 
20 
27 1
21 
28 2
17 
22 
29 2
6 
15 
32 5
3 
7 
13 
23 
26 
33 2
13 
21 
34 1
0 
35 1
1 
39 4
12 
13 
14 
24 
40 2
15 
26 
41 1
2 
43 2
10 
22 
44 1
14 
45 1
21 
46 1
5 
47 6
1 
4 
7 
8 
15 
17 
48 5
0 
4 
22 
24 
25 
49 2
3 
15 
51 2
5 
17 
52 1
24 
53 2
2 
4 
54 1
21 
55 2
1 
26 
58 1
13 
59 2
1 
14 
60 4
3 
8 
18 
19 
62 6
0 
5 
7 
11 
21 
23 
63 3
4 
12 
23 
64 4
9 
13 
15 
21 
66 3
20 
23 
25 
67 4
3 
4 
5 
22 
69 3
13 
19 
24 
70 6
0 
1 
6 
8 
16 
23 
73 4
7 
11 
16 
18 
74 1
2 
75 2
7 
22 
77 2
3 
22 
78 2
10 
17 
79 2
8 
21 
80 2
9 
23 
83 2
9 
13 
85 2
7 
8 
86 3
4 
20 
21 
87 2
15 
23 
88 2
0 
14 
89 2
9 
23 
90 2
6 
24 
91 3
8 
10 
20 
94 2
0 
17 
95 1
2 
96 1
10 
97 2
3 
25 
98 3
22 
25 
26 
-0.130000 13
96 1
2 
2 3
12 
22 
25 
66 1
1 
71 2
19 
23 
73 1
1 
18 1
8 
45 3
4 
22 
25 
50 1
23 
53 1
18 
55 1
19 
68 2
13 
19 
92 1
10 
29 1
18 
0.140000 2
82 3
0 
19 
20 
61 1
5 
-0.020000 74
0 3
6 
7 
12 
3 2
14 
17 
4 5
3 
12 
19 
20 
26 
5 3
3 
9 
17 
7 3
4 
10 
19 
8 1
16 
9 2
14 
24 
10 5
4 
11 
12 
15 
24 
11 2
17 
18 
12 1
2 
13 5
2 
15 
20 
25 
26 
14 1
15 
16 2
10 
16 
17 2
6 
20 
19 1
11 
20 1
8 
21 1
9 
22 5
1 
3 
6 
7 
20 
24 2
10 
23 
25 3
3 
9 
12 
26 3
9 
17 
24 
28 1
8 
30 1
24 
32 1
8 
33 5
4 
7 
10 
11 
19 
35 2
3 
13 
36 2
15 
25 
39 3
6 
10 
17 
40 3
2 
13 
23 
41 2
4 
11 
43 5
5 
7 
11 
20 
23 
44 4
3 
11 
19 
25 
47 1
11 
48 2
3 
16 
49 2
13 
17 
50 4
0 
4 
9 
15 
51 2
4 
15 
53 4
5 
8 
9 
11 
54 1
16 
55 2
4 
11 
58 4
9 
17 
21 
23 
59 2
13 
16 
60 3
5 
10 
12 
62 3
17 
20 
26 
63 3
16 
21 
25 
64 2
22 
25 
67 2
6 
25 
69 2
9 
10 
70 1
22 
72 1
17 
73 2
19 
23 
74 1
10 
75 2
10 
16 
76 2
9 
23 
77 2
15 
20 
78 1
16 
79 4
16 
17 
19 
26 
80 2
15 
20 
81 2
2 
26 
83 3
10 
11 
19 
85 2
2 
5 
86 3
1 
16 
24 
87 1
25 
88 4
2 
8 
9 
23 
89 5
3 
8 
17 
18 
21 
90 4
12 
18 
19 
20 
91 1
3 
92 2
20 
21 
93 2
9 
24 
94 3
7 
15 
16 
95 2
11 
14 
96 2
17 
19 
97 5
0 
5 
7 
11 
18 
98 2
14 
17 
-0.060000 63
0 6
4 
19 
20 
21 
22 
25 
2 1
16 
4 3
0 
4 
5 
5 3
15 
23 
24 
7 5
1 
16 
20 
21 
23 
9 1
12 
10 3
1 
10 
18 
11 1
13 
15 3
1 
2 
21 
17 1
7 
18 2
5 
17 
19 1
16 
20 2
11 
14 
21 1
20 
22 3
0 
5 
23 
24 3
9 
13 
16 
25 3
14 
18 
20 
26 1
10 
27 2
13 
14 
28 3
23 
24 
26 
29 4
5 
10 
14 
21 
32 3
2 
15 
17 
33 1
5 
34 5
4 
7 
17 
21 
25 
35 2
2 
10 
39 3
16 
21 
26 
40 1
6 
41 7
0 
1 
8 
9 
13 
16 
23 
43 3
9 
18 
19 
45 7
0 
2 
17 
18 
20 
23 
26 
46 2
4 
18 
48 2
2 
15 
49 3
16 
21 
26 
50 3
12 
19 
26 
52 5
4 
7 
11 
14 
17 
53 2
16 
24 
55 1
10 
58 2
2 
11 
59 1
3 
60 4
0 
1 
2 
6 
62 1
18 
63 1
14 
64 5
10 
12 
18 
23 
26 
66 2
8 
21 
67 2
1 
17 
68 5
1 
9 
15 
20 
24 
71 4
7 
8 
14 
24 
73 4
5 
6 
22 
25 
74 2
4 
7 
75 1
5 
76 2
1 
20 
77 4
6 
13 
14 
23 
78 2
14 
25 
79 2
3 
7 
80 2
7 
24 
83 2
4 
8 
85 4
0 
11 
16 
18 
87 1
24 
88 1
18 
92 2
17 
19 
94 2
1 
4 
96 1
22 
97 1
10 
0.050000 46
1 6
1 
10 
12 
15 
17 
25 
3 1
19 
5 1
6 
6 2
13 
25 
8 4
7 
10 
18 
21 
11 2
4 
5 
12 3
4 
11 
15 
13 3
3 
7 
18 
14 1
7 
16 1
23 
17 1
21 
20 2
6 
15 
21 5
4 
13 
19 
21 
24 
23 3
6 
19 
22 
24 1
2 
30 4
5 
6 
14 
18 
31 4
5 
11 
16 
18 
35 3
21 
23 
25 
36 6
0 
5 
6 
13 
14 
23 
37 4
2 
6 
9 
12 
39 1
0 
40 1
21 
42 6
0 
1 
13 
14 
16 
25 
44 1
4 
47 1
22 
49 2
1 
23 
51 1
16 
56 4
2 
3 
15 
23 
57 1
21 
58 1
8 
67 2
10 
11 
69 1
20 
72 1
23 
76 2
6 
7 
78 1
5 
79 1
23 
81 2
9 
14 
84 4
9 
12 
15 
20 
86 1
26 
87 2
0 
20 
88 3
5 
6 
17 
91 2
15 
21 
93 3
5 
14 
21 
95 2
9 
22 
96 1
26 
99 2
6 
17 
0.100000 10
1 1
2 
99 2
10 
26 
37 1
21 
42 1
6 
82 2
3 
24 
84 1
26 
23 1
15 
57 1
23 
61 1
3 
31 2
1 
13 
-0.120000 18
96 3
3 
5 
8 
2 5
1 
2 
4 
8 
23 
50 2
21 
22 
69 2
0 
4 
71 2
1 
16 
73 1
10 
45 2
11 
13 
46 1
14 
79 1
0 
80 3
1 
4 
10 
17 1
2 
18 2
15 
21 
83 2
2 
5 
52 1
21 
53 2
15 
20 
54 1
3 
92 2
1 
7 
29 1
23 
-0.110000 25
2 3
15 
19 
20 
17 1
1 
18 2
1 
3 
22 1
19 
25 1
16 
26 1
26 
29 2
13 
16 
45 2
5 
7 
46 1
19 
50 3
13 
17 
18 
52 1
6 
53 3
10 
13 
26 
54 1
6 
55 1
13 
66 1
7 
68 3
11 
16 
17 
71 2
0 
21 
73 3
4 
12 
14 
77 1
0 
79 3
1 
4 
5 
80 2
6 
14 
83 1
1 
85 3
21 
23 
25 
92 4
0 
3 
9 
11 
94 3
20 
21 
23 
0.070000 41
1 2
22 
23 
3 1
9 
5 1
7 
8 2
15 
17 
11 1
0 
12 1
0 
14 4
1 
2 
6 
8 
17 4
15 
22 
25 
26 
21 1
15 
23 3
5 
12 
24 
28 2
3 
4 
30 2
8 
9 
31 2
20 
26 
36 1
4 
37 3
0 
4 
13 
38 1
24 
40 1
20 
42 4
4 
10 
17 
18 
49 1
5 
56 1
7 
57 3
10 
12 
18 
58 1
3 
59 1
26 
61 5
0 
2 
6 
17 
22 
64 2
3 
5 
72 4
3 
12 
14 
20 
74 1
19 
78 2
6 
7 
81 1
4 
82 2
2 
8 
84 1
19 
87 1
18 
88 1
16 
89 2
5 
11 
90 1
8 
91 1
24 
93 3
15 
17 
25 
95 1
0 
96 1
24 
98 3
1 
2 
18 
99 2
14 
23 
