16 75 33
0.500000 15
0 2
0 
57 
1 4
20 
21 
29 
32 
2 5
2 
16 
65 
69 
74 
3 2
11 
44 
4 1
70 
5 2
27 
58 
6 1
63 
7 4
2 
35 
45 
64 
8 1
63 
9 1
68 
10 3
31 
59 
62 
11 3
3 
8 
36 
12 4
23 
32 
37 
62 
14 2
21 
60 
15 4
1 
7 
18 
56 
-0.500000 16
0 4
27 
30 
34 
50 
1 6
2 
4 
6 
7 
39 
43 
2 2
51 
62 
3 1
31 
4 2
16 
65 
5 6
14 
21 
22 
35 
64 
74 
6 4
7 
27 
42 
52 
7 3
6 
46 
65 
8 7
19 
23 
42 
43 
44 
55 
56 
9 6
22 
46 
47 
52 
53 
54 
10 3
3 
9 
71 
11 2
27 
38 
12 2
46 
63 
13 4
11 
16 
37 
69 
14 2
0 
37 
15 1
5 
1.200000 3
3 2
36 
61 
12 2
41 
66 
5 1
17 
1.500000 1
7 2
16 
41 
1.000000 4
2 1
11 
12 1
11 
5 3
19 
44 
68 
7 1
33 
1.100000 5
12 1
61 
2 1
6 
4 1
37 
5 2
42 
67 
7 1
8 
-0.200000 16
0 7
9 
31 
39 
47 
49 
60 
73 
1 8
5 
8 
13 
35 
48 
50 
51 
64 
2 5
30 
38 
43 
52 
71 
3 11
2 
5 
9 
13 
20 
21 
24 
42 
53 
55 
71 
4 5
1 
8 
14 
34 
49 
5 9
0 
1 
2 
20 
31 
46 
49 
51 
61 
6 8
2 
6 
11 
19 
50 
51 
53 
70 
7 2
1 
4 
8 10
11 
17 
30 
31 
36 
37 
61 
62 
68 
73 
9 4
41 
42 
45 
51 
10 5
1 
5 
17 
44 
73 
11 6
31 
39 
51 
54 
60 
68 
12 5
6 
18 
30 
39 
56 
13 9
1 
8 
21 
28 
35 
42 
46 
71 
73 
14 10
7 
17 
18 
22 
27 
32 
38 
65 
73 
74 
15 11
14 
21 
27 
29 
35 
36 
39 
42 
55 
65 
71 
1.400000 2
12 1
36 
7 1
66 
0.700000 7
1 2
53 
61 
3 3
0 
7 
62 
4 3
35 
40 
53 
7 3
10 
14 
39 
10 2
56 
58 
11 3
12 
15 
69 
13 2
19 
24 
-1.100000 3
1 1
72 
3 1
26 
12 1
42 
-0.800000 7
2 3
31 
37 
56 
3 1
30 
4 2
10 
29 
5 1
12 
7 1
71 
11 3
17 
42 
43 
12 2
13 
67 
-2.200000 1
7 1
37 
-1.300000 3
12 1
60 
4 2
57 
60 
7 1
43 
-0.400000 16
0 4
16 
17 
22 
55 
1 4
1 
9 
10 
46 
2 3
27 
41 
42 
3 4
16 
23 
28 
72 
4 5
0 
15 
39 
62 
67 
5 3
11 
48 
71 
6 1
57 
7 3
26 
44 
53 
8 3
5 
14 
50 
9 2
40 
48 
10 4
14 
39 
50 
65 
11 1
21 
12 4
21 
47 
49 
55 
13 4
17 
62 
64 
74 
14 8
6 
12 
25 
40 
42 
48 
64 
68 
15 4
10 
11 
61 
67 
0.900000 7
1 1
23 
2 1
12 
4 1
30 
7 1
22 
11 2
7 
11 
12 1
16 
13 2
9 
14 
-0.300000 16
0 8
6 
10 
11 
25 
28 
29 
33 
35 
1 5
38 
47 
69 
70 
74 
2 9
15 
23 
28 
33 
46 
47 
57 
66 
67 
3 4
10 
17 
25 
73 
4 5
5 
21 
56 
61 
68 
5 3
4 
24 
30 
6 8
12 
16 
18 
24 
32 
34 
47 
59 
7 5
15 
34 
49 
51 
56 
8 6
1 
18 
24 
39 
49 
51 
9 4
15 
21 
58 
59 
10 5
6 
18 
55 
60 
72 
11 8
0 
9 
22 
34 
47 
55 
63 
67 
12 4
22 
43 
65 
74 
13 6
2 
3 
5 
32 
58 
59 
14 7
5 
14 
23 
43 
57 
63 
67 
15 7
0 
4 
9 
16 
30 
41 
60 
-0.600000 11
1 4
3 
42 
67 
68 
2 5
4 
9 
19 
20 
24 
3 1
14 
4 2
18 
55 
5 1
72 
7 2
21 
59 
8 1
48 
9 1
24 
10 3
2 
8 
70 
11 1
56 
14 2
47 
62 
-0.100000 16
0 10
2 
5 
14 
26 
40 
46 
48 
59 
69 
74 
1 3
11 
49 
63 
2 3
3 
10 
35 
3 11
1 
19 
22 
33 
34 
54 
56 
60 
66 
67 
74 
4 12
2 
6 
13 
17 
22 
28 
33 
44 
45 
46 
48 
50 
5 2
34 
53 
6 9
8 
13 
23 
26 
31 
40 
44 
48 
54 
7 6
9 
19 
36 
48 
55 
69 
8 5
0 
6 
9 
10 
60 
9 10
17 
20 
49 
50 
57 
60 
63 
64 
65 
66 
10 7
0 
11 
19 
29 
34 
36 
40 
11 12
1 
24 
28 
29 
30 
41 
45 
46 
53 
59 
64 
66 
12 9
2 
5 
8 
24 
28 
33 
45 
50 
68 
13 9
10 
29 
33 
45 
50 
53 
54 
57 
72 
14 6
36 
39 
54 
59 
61 
72 
15 8
8 
20 
25 
28 
34 
44 
47 
73 
-1.500000 1
7 1
62 
0.400000 16
0 4
13 
45 
66 
67 
1 4
19 
24 
28 
56 
2 2
34 
54 
3 4
12 
40 
45 
57 
4 1
74 
5 3
15 
28 
56 
6 7
0 
5 
20 
25 
38 
46 
60 
7 1
60 
8 2
13 
69 
9 3
11 
25 
30 
10 2
22 
57 
11 4
6 
33 
50 
74 
12 2
19 
48 
13 3
4 
43 
52 
14 4
10 
28 
51 
66 
15 8
6 
23 
31 
32 
37 
51 
57 
63 
0.300000 15
0 6
8 
18 
56 
61 
68 
71 
1 8
16 
17 
26 
27 
33 
52 
59 
60 
2 5
29 
39 
45 
60 
68 
3 5
6 
8 
39 
43 
68 
4 8
4 
9 
25 
38 
52 
54 
59 
64 
5 5
29 
32 
41 
57 
66 
6 7
3 
15 
30 
61 
66 
68 
71 
7 4
17 
27 
67 
73 
8 9
3 
7 
32 
33 
53 
54 
59 
66 
72 
9 7
5 
14 
31 
62 
67 
72 
73 
10 7
16 
21 
24 
51 
61 
63 
68 
11 5
37 
44 
49 
62 
72 
12 8
9 
12 
15 
20 
27 
40 
44 
69 
13 9
18 
23 
39 
51 
55 
61 
63 
68 
70 
15 5
2 
13 
26 
62 
68 
0.600000 15
0 2
65 
70 
1 3
22 
54 
62 
2 4
17 
59 
64 
70 
4 2
41 
42 
5 1
16 
6 2
10 
35 
7 1
72 
8 2
58 
74 
9 1
74 
10 2
20 
64 
11 3
10 
58 
73 
12 1
73 
13 1
56 
14 1
16 
15 1
12 
0.800000 7
0 2
62 
63 
1 2
57 
58 
2 2
1 
7 
3 1
37 
5 1
69 
7 2
47 
58 
10 1
15 
-0.900000 6
3 1
52 
5 4
13 
23 
63 
73 
7 1
68 
11 2
14 
18 
12 3
10 
35 
38 
13 1
12 
1.600000 2
4 1
36 
5 2
18 
43 
0.200000 16
0 8
3 
4 
7 
15 
19 
41 
54 
58 
1 4
30 
31 
36 
41 
2 7
5 
22 
44 
50 
58 
63 
73 
3 11
3 
4 
32 
46 
47 
48 
49 
58 
59 
63 
64 
4 7
3 
20 
23 
24 
26 
27 
73 
5 7
3 
5 
6 
7 
25 
54 
55 
6 5
1 
21 
43 
62 
64 
7 7
13 
23 
29 
52 
57 
61 
63 
8 11
8 
16 
20 
21 
28 
29 
38 
40 
46 
57 
64 
9 13
2 
3 
4 
8 
12 
13 
28 
36 
37 
44 
61 
69 
71 
10 7
4 
23 
42 
48 
52 
54 
66 
11 5
2 
4 
32 
35 
70 
12 5
4 
7 
14 
31 
57 
13 6
13 
34 
38 
60 
65 
67 
14 14
2 
4 
8 
11 
15 
19 
20 
24 
26 
29 
50 
53 
69 
71 
15 3
43 
48 
59 
0.100000 16
0 13
1 
12 
20 
24 
36 
38 
42 
43 
51 
52 
53 
64 
72 
1 7
12 
14 
15 
18 
34 
37 
66 
2 3
21 
53 
72 
3 4
15 
41 
65 
70 
4 5
12 
19 
32 
43 
58 
5 6
9 
10 
26 
45 
59 
60 
6 8
4 
14 
37 
39 
49 
55 
69 
74 
7 8
0 
7 
11 
24 
38 
42 
54 
70 
8 7
2 
15 
27 
41 
45 
52 
71 
9 16
0 
1 
6 
7 
9 
10 
27 
29 
33 
34 
35 
38 
39 
43 
55 
70 
10 13
25 
26 
27 
28 
32 
33 
35 
37 
41 
46 
49 
67 
69 
11 5
5 
16 
26 
40 
48 
12 2
26 
64 
13 11
0 
20 
25 
27 
31 
36 
40 
44 
47 
48 
66 
14 6
1 
3 
41 
46 
55 
70 
15 8
3 
24 
38 
40 
50 
64 
69 
70 
-0.700000 12
1 1
73 
2 5
14 
26 
32 
36 
61 
4 1
66 
5 2
36 
62 
6 1
22 
7 1
20 
9 1
23 
10 2
7 
13 
11 2
13 
52 
13 1
7 
14 2
30 
31 
15 2
66 
72 
1.300000 1
4 1
31 
-1.400000 2
3 1
27 
5 2
37 
38 
-2.000000 1
7 1
12 
-1.200000 2
12 1
17 
7 1
18 
-1.000000 7
1 1
71 
3 1
51 
4 1
7 
5 1
39 
6 1
17 
7 1
31 
10 1
12 
