16 75 215
-0.250000 5
0 1
35 
11 1
51 
3 2
5 
9 
4 1
49 
15 1
55 
0.250000 10
0 1
56 
1 1
30 
3 1
4 
4 1
54 
6 1
62 
8 2
66 
72 
9 1
36 
10 2
61 
68 
13 1
61 
14 2
11 
24 
0.500000 2
1 1
20 
2 1
69 
-0.560000 1
3 1
14 
0.640000 3
12 1
73 
6 1
10 
7 1
72 
-0.720000 2
10 1
13 
15 1
72 
1.140000 1
5 2
42 
67 
0.120000 9
3 2
15 
65 
4 1
12 
5 2
9 
60 
6 1
69 
7 1
7 
9 2
29 
33 
10 2
27 
35 
12 1
26 
13 1
48 
-1.210000 1
7 1
18 
0.190000 9
0 3
4 
7 
15 
1 2
31 
36 
2 1
63 
3 1
58 
4 1
26 
8 2
38 
57 
10 4
23 
42 
54 
66 
13 1
67 
14 3
8 
26 
69 
0.030000 10
0 1
44 
2 1
55 
3 2
29 
35 
4 1
63 
6 2
65 
72 
10 1
43 
11 1
25 
12 1
3 
14 1
52 
15 2
46 
74 
0.730000 2
3 1
62 
7 1
10 
-0.760000 2
11 2
17 
43 
12 1
13 
-0.270000 11
0 2
10 
11 
1 2
47 
69 
2 1
67 
3 1
10 
4 1
21 
5 1
24 
7 1
56 
10 1
18 
11 2
0 
9 
12 1
22 
14 1
14 
-0.500000 6
1 1
4 
7 2
6 
65 
8 1
42 
9 1
47 
11 1
27 
14 1
37 
-0.060000 10
0 4
2 
40 
46 
69 
3 2
1 
54 
4 2
17 
44 
6 4
13 
31 
44 
54 
7 1
48 
10 1
40 
11 2
29 
41 
12 3
24 
33 
50 
13 2
50 
72 
14 2
36 
39 
0.060000 11
0 5
24 
51 
53 
64 
72 
1 1
15 
2 1
53 
4 2
19 
58 
7 1
0 
9 1
34 
10 3
33 
46 
49 
12 1
64 
13 1
27 
14 2
41 
70 
15 1
40 
0.130000 9
0 2
20 
43 
2 1
21 
5 1
26 
6 2
39 
55 
7 1
24 
9 1
7 
10 1
41 
13 1
0 
15 2
24 
50 
0.460000 7
0 1
57 
1 2
21 
32 
5 1
58 
7 1
64 
10 1
31 
11 1
36 
15 2
1 
56 
-0.290000 10
0 1
33 
3 1
73 
4 1
56 
6 3
18 
24 
32 
7 1
49 
9 1
15 
10 1
72 
12 1
65 
13 1
3 
15 1
60 
-2.170000 1
7 1
37 
-0.520000 3
0 1
27 
1 1
39 
13 1
69 
0.870000 1
13 1
14 
-0.330000 7
2 1
57 
4 1
61 
7 1
15 
11 1
47 
13 1
32 
14 1
57 
15 1
16 
1.130000 1
4 1
37 
0.440000 7
1 1
56 
2 1
34 
3 1
12 
5 1
56 
6 1
20 
11 1
74 
15 2
6 
51 
-0.180000 10
0 1
9 
2 1
30 
3 1
24 
4 2
8 
14 
5 2
0 
1 
8 1
31 
10 1
17 
13 3
21 
28 
42 
14 1
65 
15 1
35 
-0.040000 9
2 2
0 
25 
6 2
9 
41 
9 1
56 
10 2
53 
74 
11 2
23 
61 
12 1
1 
13 1
15 
14 1
13 
15 1
53 
-0.620000 3
4 1
55 
5 1
72 
7 1
21 
-0.790000 2
2 1
37 
3 1
30 
0.400000 4
0 2
13 
66 
1 1
19 
14 1
51 
15 1
37 
-1.030000 1
3 1
51 
0.270000 10
1 1
52 
2 1
29 
3 1
8 
6 1
15 
8 1
53 
9 1
62 
11 1
49 
12 1
44 
13 1
70 
15 1
13 
-0.240000 9
1 1
51 
3 2
21 
71 
5 1
61 
7 2
1 
4 
9 1
51 
10 1
73 
11 2
31 
60 
13 1
73 
14 2
7 
22 
-0.070000 10
0 1
74 
2 1
10 
3 2
34 
60 
4 2
28 
46 
7 1
69 
8 1
9 
9 1
17 
10 1
0 
11 1
59 
13 1
45 
0.520000 5
9 1
68 
2 1
2 
10 1
62 
6 1
63 
15 1
7 
0.920000 2
2 1
12 
11 1
7 
1.370000 1
7 1
66 
1.010000 1
7 1
33 
1.120000 1
2 1
6 
0.200000 9
0 1
3 
4 1
73 
5 2
5 
55 
6 1
21 
7 1
61 
8 2
21 
64 
9 2
2 
28 
13 1
13 
14 1
2 
0.100000 12
1 1
14 
2 1
72 
3 1
70 
4 1
32 
5 2
45 
59 
6 1
37 
8 1
41 
9 2
35 
38 
10 1
26 
11 1
26 
13 2
20 
44 
15 1
69 
-0.700000 2
2 1
14 
7 1
20 
0.550000 4
11 1
10 
9 1
74 
3 1
11 
7 1
2 
0.450000 2
2 1
74 
14 1
66 
-0.350000 7
3 1
16 
4 1
5 
5 1
30 
9 1
59 
10 1
55 
14 1
42 
15 2
61 
67 
-1.390000 1
5 1
37 
0.390000 4
15 1
23 
5 1
28 
6 3
5 
25 
60 
13 1
43 
0.960000 1
2 1
11 
0.710000 2
10 1
58 
7 1
39 
-0.830000 1
11 1
42 
0.380000 5
10 1
22 
14 1
28 
13 1
4 
6 1
38 
15 1
63 
-0.840000 1
4 1
29 
0.510000 6
1 1
29 
3 1
44 
10 1
59 
11 1
8 
12 1
32 
14 1
60 
0.280000 10
0 1
8 
1 1
59 
2 1
45 
3 1
6 
4 1
64 
6 1
71 
8 1
33 
10 1
16 
11 1
37 
12 1
40 
-0.470000 7
0 1
34 
3 1
31 
5 1
22 
6 1
52 
7 1
46 
8 1
23 
9 2
22 
54 
-0.910000 1
5 2
13 
73 
0.470000 4
8 1
63 
15 1
18 
11 1
3 
7 2
35 
45 
-0.370000 7
0 1
55 
1 2
10 
46 
5 1
48 
9 1
48 
12 1
21 
14 1
25 
15 1
11 
0.980000 1
5 1
19 
-0.930000 2
11 1
18 
3 1
52 
1.090000 1
12 1
61 
-0.600000 1
2 1
19 
0.430000 6
0 1
45 
2 1
54 
8 1
69 
11 1
33 
12 1
19 
15 1
57 
-0.680000 1
13 1
7 
0.360000 6
3 1
40 
7 1
60 
9 1
11 
11 2
6 
50 
12 1
48 
13 1
52 
0.570000 4
0 1
70 
10 1
20 
4 2
41 
42 
5 1
16 
-0.340000 7
0 1
6 
2 1
66 
3 1
17 
9 1
58 
11 1
34 
12 1
43 
15 2
9 
41 
1.420000 1
12 1
36 
-0.390000 6
2 1
42 
3 1
28 
4 2
15 
39 
6 1
57 
8 1
14 
13 1
74 
-1.240000 1
12 1
17 
0.590000 1
2 1
17 
-0.750000 1
2 2
32 
56 
0.940000 1
13 1
9 
-0.610000 2
10 1
70 
11 1
56 
0.680000 2
1 1
53 
13 1
24 
0.290000 9
0 1
61 
1 1
60 
4 2
4 
52 
7 1
73 
8 1
3 
9 1
14 
12 2
12 
69 
13 2
51 
68 
15 1
2 
-0.460000 7
0 1
30 
1 1
7 
2 1
62 
4 1
65 
5 1
35 
9 1
46 
15 1
5 
-0.710000 1
4 1
66 
-0.570000 3
2 1
20 
4 1
18 
14 1
62 
-0.020000 10
0 1
23 
1 1
55 
5 1
40 
6 1
45 
8 2
34 
65 
10 1
10 
11 2
20 
65 
13 1
49 
14 2
35 
44 
15 1
15 
-0.440000 2
8 1
5 
7 1
44 
0.820000 1
0 1
63 
1.160000 1
3 1
61 
0.010000 10
1 2
40 
45 
3 1
69 
4 2
51 
69 
5 2
50 
70 
6 2
33 
73 
7 2
5 
25 
9 2
16 
18 
12 4
0 
29 
51 
71 
13 1
41 
15 4
19 
33 
49 
58 
0.420000 2
0 1
67 
14 1
10 
-0.660000 2
2 1
26 
11 1
13 
-0.860000 2
12 1
38 
5 1
23 
-0.420000 1
2 1
27 
-0.640000 2
1 1
67 
2 1
9 
0.150000 5
8 1
52 
9 1
4 
2 2
22 
58 
3 1
32 
12 1
14 
-1.360000 1
3 1
27 
-0.880000 2
12 1
10 
13 1
12 
0.300000 11
0 1
68 
1 1
26 
2 1
39 
4 1
9 
6 1
30 
9 1
31 
10 2
21 
63 
11 1
62 
12 2
20 
27 
13 2
18 
55 
15 1
62 
-0.450000 7
0 1
22 
4 1
16 
5 1
21 
8 1
50 
9 1
53 
10 1
65 
14 2
48 
68 
-0.650000 4
1 2
68 
73 
10 1
7 
11 1
52 
14 2
30 
47 
-0.490000 2
8 3
19 
43 
55 
10 2
9 
71 
-0.770000 2
5 1
12 
7 1
71 
0.070000 10
0 1
1 
1 1
66 
4 1
43 
6 1
14 
7 1
11 
9 1
39 
10 1
25 
13 2
36 
40 
14 1
55 
15 1
38 
0.610000 2
1 2
22 
54 
2 1
59 
-0.320000 8
0 1
28 
2 1
23 
4 1
68 
6 1
16 
8 2
18 
51 
11 2
55 
63 
14 2
5 
63 
15 1
30 
-0.690000 2
5 1
62 
14 1
31 
-1.010000 2
5 1
39 
6 1
17 
1.020000 1
5 1
68 
0.950000 1
12 1
11 
0.260000 10
1 1
17 
2 1
68 
3 2
39 
68 
5 1
32 
6 1
3 
8 2
32 
54 
9 1
72 
12 2
9 
15 
13 1
63 
15 1
26 
0.620000 2
0 1
65 
2 1
70 
-0.220000 6
2 1
43 
6 1
11 
11 1
68 
12 1
30 
14 1
17 
15 1
65 
-0.730000 4
9 1
23 
2 1
36 
5 1
36 
6 1
22 
-0.360000 3
3 1
72 
12 1
49 
14 1
64 
0.810000 2
10 1
15 
7 1
58 
0.110000 10
0 1
36 
1 2
34 
37 
5 1
10 
6 1
74 
7 1
54 
9 3
9 
10 
43 
10 2
28 
32 
11 1
48 
13 2
25 
31 
14 2
1 
46 
-0.310000 6
1 1
74 
2 1
15 
8 2
24 
39 
9 1
21 
13 1
2 
15 1
4 
-0.740000 1
2 1
61 
0.750000 1
4 1
53 
0.720000 1
10 1
56 
0.090000 7
3 1
41 
7 1
70 
8 1
2 
9 3
0 
6 
27 
10 1
67 
11 2
5 
40 
13 1
47 
-0.130000 9
1 1
49 
2 1
3 
4 1
48 
5 1
53 
6 1
40 
8 1
6 
10 2
11 
36 
12 1
2 
13 3
10 
29 
33 
0.970000 1
5 1
44 
0.670000 1
4 1
40 
-1.300000 2
4 1
57 
7 1
43 
1.460000 1
7 1
16 
0.530000 3
2 1
65 
12 1
37 
14 1
21 
0.080000 8
0 1
52 
6 1
4 
7 1
42 
8 1
27 
9 1
55 
11 1
16 
14 1
3 
15 2
3 
70 
-0.430000 7
1 1
9 
4 2
0 
67 
5 1
11 
7 1
53 
9 1
40 
11 1
21 
13 2
17 
64 
1.150000 1
3 1
36 
-0.670000 1
15 1
66 
-0.140000 11
0 1
48 
1 1
11 
2 1
35 
3 2
22 
33 
4 1
13 
7 1
9 
9 2
49 
57 
10 2
19 
34 
11 2
46 
64 
12 1
5 
15 1
20 
-1.080000 1
3 1
26 
0.220000 10
2 1
50 
4 1
24 
5 3
3 
6 
54 
6 1
1 
7 1
23 
8 2
8 
28 
9 1
69 
10 1
48 
12 1
7 
13 1
65 
-0.780000 1
4 1
10 
0.650000 2
2 1
64 
14 1
16 
-0.150000 9
0 1
5 
1 1
13 
4 1
50 
6 1
26 
8 3
0 
11 
17 
9 4
20 
41 
42 
45 
11 2
28 
54 
14 1
74 
15 1
42 
1.590000 1
5 1
18 
-0.890000 2
11 1
14 
7 1
68 
-0.300000 7
1 1
38 
2 2
46 
47 
5 1
4 
6 2
34 
47 
10 1
6 
11 2
22 
67 
14 1
67 
-0.900000 2
12 1
35 
5 1
63 
-0.200000 9
2 1
52 
3 3
13 
53 
55 
4 1
34 
5 1
20 
6 1
19 
8 1
61 
13 1
8 
14 1
73 
15 1
71 
0.340000 6
0 1
18 
1 1
27 
3 1
43 
4 2
38 
59 
5 2
57 
66 
6 1
68 
0.330000 8
0 1
71 
2 1
60 
6 1
66 
8 1
59 
9 1
67 
10 1
51 
11 2
44 
72 
13 2
23 
39 
-0.210000 8
1 2
5 
64 
3 1
2 
5 2
31 
51 
6 1
2 
8 1
30 
10 1
1 
12 1
39 
13 1
46 
-0.080000 6
0 1
26 
1 1
63 
3 3
19 
56 
74 
7 1
55 
8 1
10 
9 2
63 
65 
-0.050000 7
4 1
6 
7 2
3 
28 
8 2
25 
70 
11 2
24 
30 
12 3
34 
45 
72 
13 1
53 
15 1
25 
-0.990000 1
4 1
7 
1.570000 1
4 1
36 
0.780000 2
5 1
69 
7 1
47 
0.410000 6
1 2
24 
28 
3 1
57 
4 1
74 
6 1
0 
9 1
30 
15 1
32 
0.230000 11
0 1
58 
2 1
44 
3 1
47 
4 1
3 
5 2
7 
25 
8 1
40 
9 2
8 
12 
10 1
52 
11 3
2 
4 
32 
14 1
15 
15 1
48 
-0.580000 5
8 1
48 
1 1
42 
2 1
24 
10 1
2 
7 1
59 
-0.820000 1
2 1
31 
-0.170000 10
0 1
49 
1 1
50 
3 1
42 
5 1
46 
6 1
53 
8 2
68 
73 
10 1
44 
13 2
35 
71 
14 1
27 
15 1
39 
0.160000 7
0 1
54 
7 1
13 
8 2
20 
29 
9 1
3 
12 1
57 
14 2
19 
53 
15 1
43 
-1.280000 1
12 1
60 
1.210000 1
12 1
41 
0.020000 9
1 1
0 
2 2
48 
49 
6 3
28 
36 
58 
7 1
30 
9 1
26 
10 1
30 
12 1
54 
14 3
34 
49 
56 
15 2
17 
22 
0.480000 1
2 1
16 
0.880000 1
7 1
22 
-0.010000 10
0 2
21 
32 
3 2
18 
38 
4 1
47 
7 1
40 
8 3
22 
26 
47 
11 1
19 
12 2
59 
70 
13 1
26 
14 2
45 
58 
15 1
52 
0.170000 8
0 1
19 
3 2
59 
63 
4 1
27 
9 1
37 
10 1
4 
12 1
4 
13 1
38 
14 2
20 
71 
-0.410000 6
1 1
1 
2 1
41 
5 1
71 
10 3
14 
39 
50 
13 1
62 
14 3
6 
12 
40 
1.240000 1
5 1
17 
-0.090000 8
0 1
59 
6 1
23 
9 1
50 
10 1
29 
11 4
1 
45 
53 
66 
13 1
54 
14 1
59 
15 2
34 
73 
-0.510000 4
12 2
46 
63 
5 1
64 
6 1
27 
13 1
16 
0.210000 7
2 1
73 
3 3
48 
49 
64 
4 1
23 
6 1
43 
7 2
52 
63 
8 2
16 
46 
13 1
60 
-0.030000 8
5 1
47 
6 1
67 
7 2
32 
74 
8 1
35 
9 1
32 
13 1
6 
14 1
9 
15 2
45 
54 
0.740000 2
11 1
12 
7 1
14 
0.600000 3
8 2
58 
74 
6 1
35 
15 1
12 
0.690000 3
11 1
15 
3 1
7 
4 1
35 
-0.280000 8
0 1
25 
6 1
12 
7 2
34 
51 
10 1
60 
12 1
74 
13 2
5 
58 
14 1
23 
15 1
0 
-0.380000 3
0 1
16 
3 1
23 
15 1
10 
1.260000 1
4 1
31 
-1.260000 1
4 1
60 
0.580000 3
1 1
62 
10 1
64 
11 1
58 
0.700000 2
3 1
0 
13 1
19 
0.350000 7
1 1
16 
3 1
45 
5 2
15 
29 
7 3
17 
27 
67 
9 1
25 
10 1
57 
15 2
31 
68 
-0.400000 4
0 1
17 
12 2
47 
55 
4 1
62 
7 1
26 
-0.550000 5
8 1
56 
1 1
6 
5 1
74 
6 1
42 
13 1
11 
-1.050000 1
1 1
72 
0.660000 2
1 1
61 
11 1
69 
0.240000 7
0 1
41 
2 1
5 
3 2
3 
46 
4 1
20 
6 1
64 
9 2
13 
61 
14 1
50 
-0.540000 1
1 1
2 
-0.590000 4
1 1
3 
2 1
4 
10 1
8 
9 1
24 
0.770000 3
1 2
57 
58 
2 1
1 
3 1
37 
0.140000 7
0 2
12 
42 
1 2
12 
18 
6 1
49 
7 1
38 
8 3
15 
45 
71 
10 1
69 
15 1
64 
0.930000 2
12 1
16 
4 1
30 
1.470000 1
7 1
41 
0.560000 2
11 1
73 
13 1
56 
0.310000 3
1 1
33 
6 1
61 
9 1
5 
0.180000 8
1 1
41 
7 2
29 
57 
9 2
44 
71 
11 2
35 
70 
12 1
31 
13 1
34 
14 2
4 
29 
15 1
59 
-0.530000 6
0 1
50 
2 1
51 
5 1
14 
11 1
38 
13 1
37 
14 1
0 
-0.110000 6
3 1
66 
4 2
22 
45 
8 1
60 
9 1
60 
12 2
8 
68 
14 1
61 
0.540000 1
12 1
23 
-0.960000 3
1 1
71 
10 1
12 
7 1
31 
-0.810000 1
12 1
67 
0.040000 6
1 3
25 
44 
65 
2 1
18 
4 1
71 
5 3
8 
33 
52 
6 2
29 
56 
14 1
33 
0.830000 2
0 1
62 
2 1
7 
0.860000 1
1 1
23 
1.610000 1
5 1
43 
0.490000 4
0 1
0 
12 1
62 
4 1
70 
5 1
27 
-0.260000 8
0 1
29 
1 1
70 
2 2
28 
33 
3 1
25 
6 1
59 
8 2
1 
49 
13 1
59 
14 1
43 
-0.230000 7
0 2
47 
60 
1 1
35 
5 2
2 
49 
6 1
70 
10 1
5 
13 1
1 
15 3
14 
21 
29 
1.180000 1
12 1
66 
0.910000 1
11 1
11 
-0.480000 5
8 1
44 
1 1
43 
10 1
3 
6 1
7 
9 1
52 
1.080000 1
7 1
8 
0.050000 11
0 1
38 
2 1
8 
3 1
50 
5 1
65 
7 1
50 
8 1
4 
9 2
1 
70 
10 2
37 
47 
11 1
57 
12 2
52 
58 
13 2
22 
66 
0.320000 5
8 1
7 
9 1
73 
10 1
24 
4 1
25 
5 1
41 
0.370000 2
8 1
13 
6 1
46 
-0.190000 8
0 1
31 
2 1
71 
4 1
1 
8 1
36 
11 1
39 
12 2
18 
56 
14 1
18 
15 1
27 
-0.120000 7
0 1
14 
4 1
33 
6 2
8 
48 
7 2
19 
36 
9 1
66 
13 1
57 
15 3
28 
44 
47 
-0.160000 9
0 2
39 
73 
1 2
8 
48 
2 1
38 
3 1
20 
6 3
6 
50 
51 
8 2
37 
62 
12 1
6 
14 2
32 
38 
15 1
36 
-1.100000 1
12 1
42 
-1.960000 1
7 1
12 
-1.450000 2
5 1
38 
7 1
62 
-0.100000 7
3 1
67 
4 1
2 
5 1
34 
9 1
64 
12 1
28 
14 2
54 
72 
15 1
8 
