20 500 13
0.500000 9
0 1
299 
1 2
15 
279 
2 1
97 
5 2
222 
237 
10 1
230 
13 1
150 
14 2
87 
186 
16 1
178 
17 2
358 
400 
-0.500000 17
0 1
310 
1 1
277 
2 2
237 
472 
4 2
457 
467 
5 4
0 
289 
314 
319 
6 4
278 
287 
453 
463 
7 1
465 
8 1
279 
10 2
22 
328 
11 1
423 
13 1
462 
14 3
182 
211 
334 
15 1
218 
16 2
291 
349 
17 7
101 
107 
200 
231 
331 
386 
431 
18 3
173 
289 
467 
19 3
277 
427 
472 
0.100000 20
0 101
2 
8 
18 
19 
25 
26 
27 
28 
32 
45 
47 
50 
56 
57 
61 
62 
63 
67 
68 
70 
78 
81 
95 
98 
100 
108 
110 
116 
129 
132 
134 
137 
138 
141 
145 
153 
157 
161 
163 
174 
191 
197 
199 
202 
203 
207 
212 
214 
220 
222 
223 
224 
226 
232 
235 
237 
238 
244 
248 
249 
254 
259 
260 
262 
268 
276 
277 
279 
283 
284 
286 
294 
322 
325 
327 
330 
339 
345 
347 
348 
349 
376 
379 
381 
385 
388 
395 
396 
402 
413 
421 
423 
433 
440 
458 
464 
474 
488 
494 
496 
499 
1 79
9 
12 
16 
18 
21 
28 
31 
41 
46 
51 
56 
92 
95 
105 
113 
114 
125 
126 
138 
142 
148 
150 
153 
154 
178 
183 
191 
200 
203 
216 
217 
220 
224 
228 
240 
241 
252 
257 
261 
264 
267 
268 
269 
284 
288 
289 
292 
296 
328 
334 
344 
347 
349 
353 
354 
357 
366 
370 
371 
375 
389 
391 
392 
413 
430 
431 
434 
438 
439 
458 
460 
462 
464 
466 
471 
476 
478 
495 
497 
2 78
1 
3 
4 
6 
7 
9 
10 
25 
27 
32 
45 
48 
52 
53 
56 
66 
72 
80 
91 
114 
118 
129 
177 
179 
180 
185 
190 
197 
200 
206 
207 
208 
215 
224 
225 
239 
245 
248 
250 
264 
271 
272 
273 
291 
307 
308 
330 
339 
345 
350 
351 
358 
359 
372 
382 
396 
398 
400 
409 
410 
415 
416 
422 
426 
433 
456 
458 
467 
474 
476 
480 
481 
483 
485 
488 
490 
494 
495 
3 82
0 
1 
3 
5 
11 
29 
37 
38 
51 
52 
54 
59 
70 
89 
90 
114 
127 
137 
138 
147 
150 
153 
154 
155 
156 
164 
167 
171 
182 
188 
204 
209 
212 
217 
236 
243 
247 
256 
261 
276 
281 
298 
301 
305 
306 
310 
314 
316 
318 
319 
320 
327 
329 
340 
345 
350 
351 
353 
354 
355 
368 
381 
388 
395 
404 
425 
427 
432 
438 
439 
441 
442 
443 
447 
451 
454 
462 
466 
467 
475 
489 
492 
4 89
4 
6 
19 
20 
21 
23 
24 
29 
45 
46 
49 
54 
55 
56 
61 
65 
67 
70 
72 
73 
74 
79 
81 
86 
95 
108 
109 
125 
134 
145 
150 
151 
152 
169 
176 
177 
180 
181 
193 
196 
203 
204 
206 
208 
210 
212 
218 
219 
223 
236 
246 
248 
267 
270 
277 
300 
303 
304 
318 
322 
328 
334 
339 
347 
350 
363 
370 
378 
381 
383 
389 
418 
421 
422 
425 
429 
442 
445 
450 
465 
474 
477 
479 
480 
485 
493 
494 
496 
497 
5 76
24 
29 
34 
42 
44 
48 
50 
66 
75 
84 
94 
100 
107 
119 
122 
123 
125 
128 
130 
131 
135 
136 
158 
159 
165 
170 
171 
176 
180 
204 
205 
209 
217 
218 
227 
232 
233 
239 
241 
242 
243 
250 
260 
261 
273 
279 
283 
291 
294 
296 
299 
315 
317 
320 
329 
330 
333 
337 
342 
343 
347 
357 
360 
371 
374 
391 
399 
400 
408 
437 
458 
465 
468 
471 
480 
485 
6 87
14 
24 
25 
29 
39 
56 
62 
66 
72 
73 
77 
78 
82 
83 
89 
91 
95 
96 
97 
100 
106 
109 
120 
121 
127 
129 
134 
135 
139 
151 
152 
155 
156 
157 
161 
164 
171 
179 
199 
200 
208 
219 
229 
230 
237 
241 
242 
248 
249 
252 
253 
262 
268 
269 
271 
283 
290 
303 
305 
306 
312 
323 
326 
332 
333 
334 
343 
346 
348 
368 
371 
375 
390 
397 
398 
411 
414 
418 
419 
450 
451 
465 
475 
476 
483 
495 
497 
7 75
0 
1 
8 
34 
35 
39 
49 
50 
52 
65 
72 
79 
87 
93 
99 
104 
108 
110 
111 
112 
123 
126 
130 
136 
148 
157 
158 
174 
177 
182 
192 
195 
219 
224 
227 
230 
252 
253 
254 
256 
257 
258 
261 
279 
284 
286 
291 
295 
316 
347 
348 
355 
356 
361 
366 
368 
372 
380 
382 
387 
388 
391 
394 
400 
408 
421 
424 
426 
445 
446 
456 
474 
475 
494 
499 
8 96
5 
23 
24 
29 
41 
42 
46 
47 
53 
58 
59 
64 
95 
97 
99 
101 
103 
104 
112 
117 
122 
126 
128 
130 
133 
134 
137 
143 
147 
150 
160 
164 
171 
173 
175 
181 
188 
189 
193 
208 
212 
215 
216 
225 
232 
233 
241 
251 
274 
275 
277 
280 
281 
283 
286 
288 
294 
296 
307 
308 
313 
324 
330 
354 
356 
358 
363 
367 
371 
372 
374 
384 
389 
396 
409 
411 
412 
417 
421 
427 
443 
444 
445 
451 
457 
464 
467 
468 
471 
472 
490 
491 
494 
495 
496 
497 
9 78
6 
18 
30 
36 
38 
39 
45 
53 
54 
61 
68 
69 
80 
89 
92 
100 
105 
114 
131 
145 
149 
154 
167 
172 
176 
180 
185 
197 
209 
214 
219 
225 
231 
239 
251 
256 
258 
259 
263 
268 
280 
285 
291 
292 
306 
307 
308 
312 
317 
329 
335 
340 
351 
352 
354 
364 
369 
370 
374 
386 
390 
393 
435 
440 
441 
442 
448 
451 
458 
459 
464 
469 
477 
484 
487 
488 
492 
496 
10 89
2 
15 
18 
24 
27 
32 
34 
45 
48 
51 
55 
61 
62 
63 
64 
65 
66 
67 
72 
86 
91 
92 
97 
121 
123 
127 
128 
133 
135 
139 
142 
143 
144 
148 
200 
201 
213 
219 
220 
221 
235 
237 
244 
246 
247 
249 
252 
253 
264 
276 
288 
299 
302 
306 
307 
317 
318 
344 
346 
352 
364 
369 
377 
378 
379 
381 
382 
395 
396 
397 
408 
413 
414 
415 
416 
426 
434 
442 
445 
446 
447 
451 
456 
462 
469 
477 
480 
484 
485 
11 86
19 
24 
26 
27 
29 
30 
31 
32 
36 
48 
52 
61 
62 
65 
66 
67 
75 
79 
89 
98 
100 
101 
109 
114 
116 
120 
128 
132 
133 
141 
153 
158 
159 
163 
166 
170 
171 
178 
193 
194 
199 
202 
205 
210 
225 
238 
239 
243 
249 
250 
269 
274 
278 
283 
291 
296 
301 
306 
307 
312 
315 
317 
319 
322 
340 
353 
360 
361 
363 
369 
371 
380 
384 
389 
406 
407 
437 
441 
465 
480 
481 
483 
484 
486 
488 
492 
12 94
8 
10 
15 
27 
34 
35 
41 
45 
46 
49 
64 
70 
81 
89 
100 
103 
108 
111 
116 
122 
123 
127 
130 
131 
154 
155 
156 
164 
168 
170 
173 
180 
195 
196 
198 
200 
202 
203 
212 
220 
246 
247 
252 
255 
267 
272 
274 
278 
286 
288 
289 
294 
301 
306 
311 
316 
322 
326 
337 
341 
350 
355 
357 
366 
372 
373 
378 
385 
390 
391 
392 
397 
398 
412 
426 
435 
439 
440 
441 
442 
443 
444 
445 
453 
457 
458 
464 
471 
476 
480 
482 
483 
491 
492 
13 79
3 
4 
23 
30 
32 
35 
36 
37 
43 
49 
52 
56 
57 
58 
61 
63 
64 
67 
69 
72 
78 
83 
88 
96 
97 
99 
103 
113 
114 
118 
120 
122 
131 
154 
166 
171 
172 
173 
193 
200 
208 
220 
222 
224 
228 
231 
233 
238 
242 
257 
258 
278 
279 
299 
315 
320 
328 
333 
349 
369 
371 
378 
384 
395 
397 
411 
415 
421 
427 
429 
431 
437 
449 
453 
454 
469 
470 
478 
497 
14 82
0 
2 
5 
6 
9 
22 
26 
27 
33 
39 
42 
46 
50 
51 
75 
81 
86 
92 
101 
102 
103 
107 
111 
112 
116 
123 
129 
137 
138 
140 
141 
143 
148 
153 
163 
164 
165 
178 
207 
209 
221 
222 
255 
267 
271 
272 
276 
282 
283 
294 
298 
299 
305 
325 
340 
348 
359 
383 
393 
397 
398 
399 
402 
408 
420 
426 
445 
453 
455 
463 
464 
467 
468 
475 
477 
478 
481 
482 
488 
493 
496 
497 
15 112
4 
10 
11 
13 
16 
17 
27 
33 
39 
48 
49 
63 
64 
71 
75 
82 
85 
88 
95 
99 
101 
102 
104 
107 
108 
109 
115 
116 
122 
123 
125 
127 
128 
129 
130 
141 
144 
146 
147 
152 
155 
157 
158 
159 
163 
164 
179 
185 
197 
199 
200 
201 
202 
203 
207 
208 
209 
211 
220 
224 
226 
228 
245 
248 
249 
255 
259 
263 
264 
266 
269 
276 
283 
288 
289 
299 
302 
303 
305 
308 
313 
322 
325 
327 
332 
333 
338 
345 
346 
351 
364 
373 
384 
386 
388 
408 
417 
428 
430 
433 
437 
438 
440 
448 
450 
455 
458 
482 
485 
488 
489 
490 
16 92
6 
7 
18 
26 
30 
37 
45 
46 
53 
60 
73 
79 
87 
89 
93 
95 
105 
110 
112 
120 
125 
129 
132 
138 
149 
150 
160 
172 
174 
194 
199 
200 
212 
217 
219 
225 
226 
235 
239 
244 
245 
246 
252 
256 
265 
267 
270 
278 
285 
289 
303 
309 
311 
317 
321 
322 
325 
327 
328 
331 
334 
338 
341 
346 
350 
352 
355 
360 
365 
370 
371 
388 
390 
398 
410 
411 
415 
430 
433 
435 
441 
442 
447 
455 
463 
468 
470 
471 
476 
491 
492 
495 
17 97
13 
14 
17 
19 
20 
24 
29 
31 
33 
34 
41 
42 
44 
46 
47 
49 
62 
63 
65 
79 
84 
90 
110 
117 
121 
122 
135 
137 
142 
145 
147 
171 
179 
185 
205 
207 
215 
220 
227 
235 
241 
242 
247 
250 
251 
263 
283 
288 
291 
292 
295 
297 
299 
300 
301 
302 
315 
319 
324 
328 
335 
340 
352 
353 
361 
362 
364 
372 
374 
378 
391 
392 
395 
397 
398 
399 
404 
406 
409 
421 
429 
439 
440 
443 
444 
448 
449 
457 
464 
468 
469 
474 
475 
482 
489 
498 
499 
18 100
3 
4 
7 
12 
13 
26 
27 
29 
36 
47 
56 
60 
68 
71 
76 
81 
86 
90 
97 
98 
113 
114 
126 
134 
139 
141 
146 
151 
157 
158 
162 
164 
175 
182 
190 
191 
194 
195 
202 
203 
204 
207 
209 
223 
230 
235 
238 
242 
250 
254 
262 
263 
264 
268 
273 
278 
282 
284 
293 
300 
305 
306 
308 
312 
324 
331 
339 
344 
347 
351 
353 
356 
360 
361 
362 
363 
366 
369 
370 
373 
374 
378 
379 
384 
385 
397 
398 
420 
433 
437 
438 
440 
451 
453 
454 
459 
461 
471 
479 
491 
19 91
5 
6 
7 
10 
12 
21 
23 
29 
33 
34 
35 
36 
47 
50 
54 
60 
69 
79 
83 
87 
89 
97 
101 
104 
107 
110 
114 
118 
145 
155 
160 
164 
165 
169 
174 
186 
198 
207 
212 
213 
226 
232 
239 
256 
267 
275 
281 
289 
290 
291 
295 
300 
304 
314 
320 
338 
343 
345 
347 
361 
362 
365 
372 
375 
377 
378 
379 
380 
391 
396 
400 
402 
413 
417 
430 
435 
442 
446 
451 
454 
455 
460 
463 
464 
465 
476 
477 
480 
488 
492 
498 
0.200000 20
0 33
13 
22 
48 
54 
55 
58 
59 
64 
65 
115 
139 
146 
147 
162 
177 
182 
185 
206 
282 
338 
375 
382 
399 
400 
426 
430 
431 
437 
442 
452 
463 
475 
482 
1 40
14 
20 
27 
32 
39 
49 
52 
55 
57 
72 
96 
104 
118 
139 
214 
219 
222 
229 
233 
234 
251 
256 
262 
263 
291 
293 
307 
308 
311 
316 
325 
346 
358 
365 
385 
388 
429 
465 
470 
498 
2 40
30 
37 
92 
93 
96 
98 
99 
100 
101 
189 
193 
211 
234 
260 
263 
267 
276 
281 
287 
292 
334 
344 
349 
355 
362 
363 
388 
391 
392 
393 
394 
401 
420 
448 
462 
463 
466 
482 
487 
499 
3 46
6 
34 
39 
44 
58 
63 
68 
94 
110 
111 
112 
113 
116 
123 
132 
133 
135 
149 
157 
169 
174 
210 
215 
216 
218 
220 
234 
238 
246 
249 
254 
279 
280 
291 
292 
299 
307 
328 
352 
373 
375 
429 
434 
448 
450 
471 
4 42
28 
105 
106 
107 
110 
111 
112 
129 
146 
160 
161 
194 
199 
205 
235 
241 
242 
247 
268 
275 
276 
282 
287 
288 
292 
293 
327 
340 
372 
377 
379 
382 
384 
387 
388 
417 
438 
439 
444 
470 
471 
499 
5 43
47 
70 
79 
80 
82 
89 
95 
96 
106 
124 
126 
152 
174 
177 
186 
190 
191 
195 
200 
207 
208 
221 
224 
225 
226 
236 
265 
278 
292 
297 
298 
305 
334 
354 
369 
377 
383 
384 
392 
396 
405 
436 
490 
6 35
19 
28 
51 
54 
61 
71 
76 
81 
87 
88 
92 
116 
145 
149 
213 
214 
221 
276 
285 
295 
296 
317 
322 
327 
328 
338 
383 
429 
434 
443 
448 
466 
477 
489 
494 
7 28
27 
29 
44 
47 
51 
77 
83 
98 
102 
124 
204 
209 
293 
294 
300 
307 
320 
332 
333 
344 
371 
385 
390 
395 
430 
441 
471 
498 
8 38
19 
45 
100 
106 
129 
135 
138 
140 
146 
151 
154 
155 
156 
159 
165 
174 
198 
217 
220 
228 
250 
254 
269 
276 
297 
304 
305 
327 
333 
339 
345 
351 
364 
368 
395 
425 
429 
452 
9 37
5 
17 
20 
35 
48 
50 
51 
57 
63 
84 
101 
106 
129 
226 
275 
276 
279 
290 
324 
333 
334 
338 
348 
380 
387 
392 
395 
396 
399 
415 
420 
425 
433 
445 
450 
476 
490 
10 36
1 
20 
69 
78 
90 
94 
112 
117 
137 
149 
217 
224 
241 
243 
260 
263 
293 
295 
298 
301 
326 
341 
342 
345 
374 
375 
391 
421 
430 
437 
443 
463 
470 
471 
478 
495 
11 45
34 
37 
38 
47 
58 
80 
84 
111 
115 
127 
144 
149 
152 
188 
189 
203 
204 
209 
211 
212 
240 
281 
282 
295 
299 
311 
316 
318 
362 
370 
372 
374 
381 
382 
387 
400 
401 
405 
413 
429 
445 
446 
462 
470 
471 
12 41
21 
38 
39 
40 
77 
82 
107 
110 
128 
207 
211 
216 
242 
250 
256 
279 
282 
287 
291 
305 
312 
327 
332 
336 
345 
354 
370 
371 
383 
384 
394 
402 
427 
431 
432 
436 
461 
462 
473 
475 
487 
13 32
62 
68 
71 
77 
80 
82 
87 
94 
110 
125 
133 
170 
209 
217 
261 
275 
297 
300 
310 
359 
412 
420 
428 
439 
444 
455 
475 
485 
490 
493 
495 
498 
14 41
3 
4 
7 
14 
17 
34 
35 
36 
60 
77 
113 
122 
127 
132 
156 
169 
180 
198 
201 
202 
213 
229 
243 
277 
297 
345 
346 
353 
354 
378 
382 
387 
392 
403 
437 
447 
452 
472 
473 
480 
483 
15 44
9 
12 
76 
80 
86 
133 
138 
148 
149 
170 
194 
212 
213 
215 
225 
229 
241 
242 
270 
277 
285 
287 
291 
323 
324 
339 
349 
350 
352 
355 
385 
389 
398 
410 
415 
416 
429 
447 
453 
457 
461 
470 
480 
492 
16 39
5 
14 
15 
19 
20 
31 
34 
59 
86 
88 
91 
99 
119 
134 
169 
173 
177 
218 
240 
247 
269 
295 
305 
310 
335 
340 
345 
380 
383 
401 
402 
403 
408 
418 
423 
449 
464 
478 
482 
17 29
0 
21 
28 
39 
45 
60 
85 
100 
127 
128 
130 
140 
166 
182 
252 
253 
305 
320 
329 
345 
357 
379 
384 
401 
403 
442 
472 
473 
494 
18 34
2 
5 
8 
45 
50 
69 
72 
73 
74 
80 
92 
118 
124 
156 
170 
221 
267 
277 
279 
287 
290 
296 
309 
319 
322 
368 
412 
416 
417 
436 
439 
464 
487 
488 
19 35
1 
2 
3 
48 
62 
73 
84 
112 
119 
129 
146 
150 
171 
172 
193 
208 
209 
214 
222 
227 
251 
257 
293 
315 
322 
330 
357 
373 
420 
425 
448 
449 
450 
458 
497 
-0.700000 3
16 1
157 
17 1
356 
4 1
462 
0.600000 2
16 1
198 
1 1
101 
0.300000 20
0 11
7 
49 
53 
66 
80 
128 
152 
261 
354 
422 
465 
1 12
45 
100 
102 
123 
155 
201 
380 
401 
412 
450 
461 
477 
2 13
8 
12 
178 
212 
226 
293 
304 
329 
373 
383 
387 
397 
493 
3 10
73 
117 
118 
273 
286 
376 
382 
472 
485 
491 
4 5
226 
324 
358 
380 
441 
5 13
10 
19 
49 
110 
111 
219 
223 
240 
316 
379 
393 
426 
453 
6 8
23 
34 
122 
251 
275 
284 
339 
471 
7 15
18 
23 
24 
82 
128 
131 
145 
147 
251 
259 
298 
360 
451 
454 
470 
8 9
25 
27 
121 
145 
184 
289 
293 
320 
458 
9 5
125 
346 
391 
446 
447 
10 10
14 
250 
279 
305 
320 
325 
335 
425 
435 
468 
11 13
68 
94 
145 
167 
183 
247 
286 
287 
302 
349 
398 
399 
442 
12 6
37 
44 
129 
215 
241 
430 
13 6
51 
280 
298 
308 
405 
450 
14 13
61 
149 
154 
185 
218 
244 
320 
377 
410 
411 
427 
441 
442 
15 12
14 
81 
83 
192 
214 
246 
250 
260 
265 
282 
290 
495 
16 11
24 
58 
130 
214 
276 
280 
300 
396 
397 
422 
429 
17 13
56 
57 
82 
106 
113 
143 
280 
290 
310 
408 
428 
456 
487 
18 6
34 
65 
196 
295 
442 
485 
19 7
11 
22 
245 
325 
333 
374 
447 
0.400000 19
0 3
94 
424 
470 
1 4
106 
306 
323 
426 
2 1
278 
3 1
461 
4 2
230 
323 
5 6
101 
115 
230 
280 
378 
394 
6 4
215 
289 
472 
484 
7 2
328 
365 
8 1
26 
10 4
19 
281 
420 
450 
11 1
146 
12 5
22 
28 
42 
174 
389 
13 1
44 
14 3
284 
289 
432 
15 1
399 
16 8
39 
154 
183 
184 
213 
275 
493 
494 
17 4
61 
83 
105 
427 
18 5
70 
121 
122 
123 
291 
19 1
49 
-0.300000 20
0 16
20 
36 
38 
82 
181 
216 
280 
311 
315 
321 
324 
342 
380 
448 
457 
495 
1 24
6 
111 
161 
175 
180 
185 
208 
209 
226 
270 
282 
285 
300 
305 
315 
340 
352 
374 
377 
399 
416 
449 
452 
485 
2 33
39 
122 
130 
161 
176 
209 
213 
229 
236 
274 
285 
296 
297 
300 
312 
313 
322 
323 
331 
332 
336 
341 
342 
403 
407 
408 
431 
450 
452 
454 
460 
470 
479 
3 21
21 
62 
75 
83 
88 
107 
191 
200 
205 
206 
207 
214 
295 
330 
334 
338 
420 
424 
430 
437 
464 
4 35
7 
12 
36 
37 
41 
42 
64 
98 
117 
119 
132 
137 
138 
159 
183 
190 
249 
257 
262 
279 
306 
311 
312 
343 
398 
401 
403 
408 
412 
428 
449 
456 
463 
468 
487 
5 29
37 
38 
85 
86 
112 
151 
160 
184 
189 
213 
215 
248 
253 
267 
268 
307 
313 
318 
335 
336 
345 
381 
386 
402 
420 
429 
455 
477 
496 
6 24
6 
7 
8 
13 
21 
43 
48 
132 
160 
183 
189 
234 
267 
270 
279 
286 
292 
293 
302 
421 
431 
452 
458 
462 
7 18
54 
95 
115 
143 
165 
215 
235 
240 
270 
290 
314 
397 
410 
437 
468 
485 
491 
495 
8 23
1 
2 
16 
77 
82 
125 
152 
190 
200 
229 
247 
257 
259 
262 
267 
299 
387 
403 
449 
475 
477 
483 
488 
9 17
4 
86 
96 
111 
117 
148 
188 
203 
205 
237 
287 
299 
389 
413 
462 
478 
479 
10 24
11 
12 
23 
30 
54 
76 
81 
93 
100 
105 
118 
119 
186 
194 
272 
290 
314 
329 
370 
439 
441 
449 
492 
497 
11 22
3 
23 
28 
49 
56 
88 
108 
130 
148 
192 
222 
258 
289 
338 
346 
350 
359 
416 
439 
455 
466 
498 
12 21
14 
17 
23 
65 
80 
119 
138 
139 
142 
144 
146 
227 
239 
244 
259 
262 
264 
320 
404 
421 
455 
13 23
5 
185 
249 
276 
286 
295 
304 
311 
319 
322 
335 
345 
346 
356 
357 
376 
400 
407 
442 
461 
466 
467 
477 
14 28
18 
19 
52 
56 
64 
79 
85 
88 
120 
128 
151 
173 
232 
235 
291 
301 
339 
374 
390 
401 
419 
424 
429 
457 
466 
471 
479 
499 
15 18
43 
60 
61 
160 
166 
221 
280 
295 
316 
317 
340 
341 
343 
390 
423 
451 
464 
467 
16 35
8 
13 
22 
28 
48 
56 
66 
67 
104 
108 
116 
123 
147 
167 
180 
181 
196 
224 
228 
232 
233 
243 
258 
273 
286 
296 
302 
348 
363 
386 
404 
416 
421 
474 
497 
17 28
2 
6 
8 
76 
102 
111 
131 
136 
158 
177 
210 
212 
216 
233 
234 
259 
272 
282 
286 
336 
405 
426 
434 
450 
458 
463 
480 
481 
18 19
21 
22 
52 
53 
59 
62 
66 
210 
214 
217 
244 
288 
341 
392 
401 
408 
414 
474 
498 
19 17
0 
9 
43 
90 
238 
247 
269 
307 
341 
348 
350 
389 
394 
404 
433 
441 
452 
-0.600000 5
11 1
96 
16 4
162 
163 
186 
191 
18 1
297 
3 1
202 
12 3
92 
296 
297 
-0.100000 20
0 129
1 
3 
9 
16 
17 
24 
30 
34 
39 
41 
44 
60 
69 
71 
73 
74 
83 
84 
89 
99 
101 
102 
104 
106 
117 
120 
122 
124 
127 
131 
140 
142 
144 
149 
154 
167 
171 
172 
180 
187 
190 
193 
195 
200 
201 
208 
218 
219 
229 
233 
234 
239 
243 
245 
246 
250 
251 
252 
253 
257 
267 
269 
271 
272 
275 
278 
281 
292 
293 
295 
300 
301 
302 
304 
305 
308 
314 
318 
319 
320 
323 
326 
333 
341 
343 
344 
350 
351 
355 
356 
361 
364 
365 
366 
367 
370 
384 
389 
390 
392 
393 
401 
404 
406 
407 
408 
410 
411 
415 
416 
419 
429 
432 
435 
438 
445 
446 
451 
456 
461 
466 
467 
468 
471 
473 
480 
486 
489 
497 
1 129
3 
7 
19 
24 
25 
26 
33 
35 
36 
37 
54 
58 
60 
63 
68 
69 
71 
74 
76 
77 
83 
86 
88 
91 
93 
98 
109 
110 
112 
119 
120 
121 
129 
131 
134 
137 
145 
149 
152 
158 
160 
163 
164 
165 
166 
168 
169 
170 
171 
173 
177 
181 
184 
188 
190 
195 
196 
197 
205 
206 
215 
227 
235 
236 
245 
255 
260 
266 
271 
272 
273 
274 
278 
281 
286 
295 
298 
301 
303 
309 
317 
318 
319 
329 
330 
331 
333 
336 
337 
338 
342 
359 
363 
368 
369 
378 
382 
383 
384 
397 
398 
405 
406 
407 
408 
409 
419 
422 
423 
424 
427 
428 
432 
435 
440 
445 
446 
456 
457 
467 
468 
469 
474 
481 
484 
486 
487 
488 
491 
2 125
18 
22 
23 
26 
31 
44 
47 
50 
55 
60 
64 
65 
68 
70 
74 
78 
83 
84 
87 
89 
94 
102 
107 
108 
111 
113 
116 
119 
120 
121 
125 
127 
131 
133 
134 
137 
139 
142 
144 
146 
148 
149 
150 
153 
157 
158 
162 
166 
167 
168 
174 
187 
188 
191 
194 
195 
196 
199 
210 
217 
218 
219 
221 
222 
223 
231 
241 
243 
247 
249 
251 
252 
253 
254 
255 
258 
261 
265 
270 
280 
298 
302 
309 
315 
316 
319 
320 
321 
324 
338 
352 
354 
356 
364 
374 
379 
380 
384 
385 
389 
390 
399 
402 
417 
419 
421 
423 
428 
430 
436 
438 
439 
440 
444 
445 
449 
455 
464 
465 
468 
475 
484 
489 
496 
497 
3 134
4 
7 
8 
9 
13 
14 
17 
19 
20 
22 
23 
24 
25 
27 
28 
31 
33 
41 
45 
49 
53 
60 
61 
65 
71 
72 
81 
84 
86 
87 
92 
96 
100 
102 
104 
105 
106 
108 
109 
115 
121 
122 
129 
140 
141 
142 
145 
146 
151 
159 
160 
163 
165 
175 
176 
177 
179 
187 
189 
192 
194 
197 
219 
221 
231 
240 
245 
258 
259 
270 
271 
272 
275 
278 
282 
283 
288 
293 
296 
309 
311 
315 
317 
321 
322 
323 
326 
335 
337 
342 
343 
347 
348 
356 
359 
360 
361 
362 
363 
365 
366 
367 
371 
378 
385 
387 
392 
394 
397 
398 
399 
400 
402 
406 
413 
415 
416 
418 
423 
426 
435 
436 
444 
449 
457 
459 
468 
476 
483 
484 
487 
493 
495 
498 
4 123
0 
11 
13 
16 
27 
31 
32 
35 
38 
47 
51 
52 
57 
59 
62 
63 
69 
71 
75 
78 
83 
84 
88 
89 
90 
96 
99 
101 
102 
103 
115 
126 
131 
133 
139 
153 
154 
157 
164 
166 
167 
170 
171 
174 
175 
185 
186 
187 
191 
195 
201 
216 
217 
227 
232 
239 
243 
244 
251 
252 
253 
256 
264 
265 
273 
274 
280 
283 
284 
286 
289 
296 
297 
298 
307 
309 
310 
313 
314 
315 
316 
317 
320 
325 
326 
332 
344 
345 
346 
348 
355 
356 
362 
367 
368 
373 
374 
375 
376 
386 
391 
397 
404 
407 
411 
413 
423 
426 
434 
435 
454 
459 
460 
464 
466 
472 
473 
476 
481 
484 
490 
491 
495 
5 127
2 
3 
5 
12 
14 
15 
16 
17 
22 
25 
26 
27 
28 
32 
39 
40 
45 
52 
56 
58 
59 
60 
64 
68 
69 
74 
76 
78 
87 
88 
90 
92 
98 
99 
102 
103 
104 
133 
134 
143 
147 
153 
154 
155 
163 
166 
168 
172 
179 
182 
185 
197 
199 
210 
228 
231 
244 
245 
246 
249 
259 
262 
275 
277 
301 
302 
303 
304 
311 
312 
321 
325 
328 
331 
332 
338 
339 
349 
350 
351 
356 
361 
365 
367 
368 
370 
372 
373 
375 
387 
388 
389 
398 
401 
406 
409 
413 
414 
416 
417 
418 
419 
421 
422 
424 
430 
432 
433 
441 
442 
443 
444 
446 
448 
449 
450 
454 
461 
467 
469 
470 
476 
479 
484 
489 
498 
499 
6 130
2 
3 
4 
9 
15 
26 
31 
38 
41 
42 
45 
46 
50 
55 
57 
59 
67 
68 
69 
75 
90 
94 
99 
102 
103 
104 
105 
107 
108 
118 
125 
130 
133 
137 
141 
144 
153 
159 
163 
168 
170 
172 
173 
176 
181 
186 
187 
190 
192 
197 
201 
203 
204 
205 
207 
210 
211 
212 
223 
226 
228 
231 
232 
240 
243 
244 
245 
246 
256 
261 
264 
265 
272 
274 
282 
294 
297 
299 
300 
308 
311 
320 
335 
341 
347 
349 
351 
355 
362 
363 
364 
365 
369 
374 
380 
385 
388 
394 
403 
405 
406 
407 
409 
410 
412 
416 
417 
423 
425 
426 
433 
435 
436 
437 
440 
441 
442 
444 
445 
447 
454 
455 
461 
464 
470 
479 
481 
486 
498 
499 
7 113
7 
10 
11 
14 
16 
20 
21 
22 
26 
31 
41 
45 
56 
60 
61 
62 
68 
84 
86 
91 
92 
96 
113 
114 
118 
138 
142 
144 
154 
155 
159 
160 
164 
169 
173 
175 
176 
180 
181 
186 
187 
188 
191 
196 
198 
199 
200 
202 
203 
205 
206 
210 
211 
213 
216 
220 
226 
228 
229 
232 
241 
244 
262 
268 
269 
271 
273 
282 
289 
297 
299 
303 
308 
318 
319 
330 
337 
338 
343 
346 
354 
362 
369 
373 
378 
381 
389 
393 
401 
409 
411 
413 
417 
418 
419 
423 
427 
428 
442 
444 
455 
458 
466 
467 
469 
476 
477 
480 
483 
486 
490 
492 
496 
8 112
3 
4 
8 
9 
30 
32 
33 
36 
38 
49 
55 
61 
67 
68 
73 
75 
84 
85 
86 
87 
89 
94 
96 
102 
108 
110 
113 
120 
132 
142 
148 
153 
157 
158 
163 
170 
172 
177 
178 
192 
195 
206 
207 
214 
224 
227 
234 
235 
238 
239 
240 
242 
245 
246 
252 
261 
264 
268 
271 
284 
287 
290 
298 
300 
301 
306 
310 
311 
317 
319 
322 
334 
335 
336 
342 
346 
357 
359 
360 
361 
362 
365 
366 
375 
376 
378 
380 
382 
391 
392 
393 
408 
419 
430 
431 
432 
433 
434 
435 
437 
442 
446 
447 
448 
453 
454 
462 
474 
478 
489 
492 
499 
9 138
0 
3 
7 
9 
12 
19 
21 
25 
28 
29 
31 
33 
37 
41 
52 
58 
64 
66 
71 
77 
81 
87 
88 
91 
95 
97 
98 
99 
102 
107 
108 
115 
119 
121 
128 
130 
132 
139 
140 
150 
153 
157 
158 
159 
160 
161 
166 
169 
174 
182 
183 
186 
187 
190 
192 
193 
195 
196 
199 
207 
208 
212 
220 
227 
229 
234 
235 
240 
247 
248 
249 
255 
260 
261 
270 
272 
278 
282 
288 
294 
295 
310 
315 
320 
322 
326 
327 
328 
341 
344 
347 
350 
360 
362 
363 
365 
366 
367 
368 
372 
373 
376 
378 
379 
383 
384 
388 
394 
397 
401 
402 
404 
405 
406 
407 
412 
419 
424 
426 
432 
436 
438 
449 
452 
453 
456 
461 
463 
465 
466 
471 
473 
475 
480 
482 
483 
498 
499 
10 134
0 
5 
6 
9 
13 
16 
28 
29 
35 
40 
43 
44 
46 
47 
49 
57 
70 
71 
82 
95 
102 
107 
109 
110 
114 
116 
125 
126 
129 
130 
131 
134 
136 
140 
145 
146 
147 
151 
157 
158 
164 
167 
168 
170 
172 
174 
178 
183 
184 
185 
189 
191 
192 
193 
196 
197 
202 
206 
208 
209 
210 
216 
222 
225 
226 
228 
229 
232 
234 
238 
242 
245 
248 
259 
261 
265 
269 
271 
273 
275 
277 
280 
289 
292 
297 
304 
308 
309 
310 
311 
315 
324 
338 
343 
347 
351 
357 
359 
360 
361 
362 
365 
371 
373 
384 
387 
389 
392 
393 
398 
400 
401 
402 
407 
409 
411 
428 
432 
436 
444 
448 
452 
454 
464 
467 
473 
479 
481 
486 
491 
493 
496 
498 
499 
11 120
10 
12 
14 
16 
20 
21 
22 
25 
35 
41 
42 
46 
51 
54 
55 
57 
64 
70 
71 
72 
73 
83 
85 
87 
90 
92 
97 
104 
107 
118 
121 
123 
124 
129 
131 
134 
140 
164 
168 
174 
177 
179 
180 
184 
185 
187 
195 
197 
198 
207 
217 
218 
219 
221 
226 
227 
228 
229 
231 
232 
236 
244 
251 
252 
259 
261 
264 
266 
268 
270 
276 
277 
280 
288 
292 
293 
300 
303 
304 
305 
323 
326 
329 
330 
332 
334 
336 
337 
344 
345 
347 
348 
367 
368 
376 
378 
388 
393 
397 
418 
428 
430 
432 
433 
434 
435 
436 
438 
444 
448 
449 
452 
456 
461 
474 
477 
490 
491 
494 
496 
12 117
0 
1 
2 
3 
9 
11 
12 
16 
24 
29 
48 
52 
56 
58 
59 
63 
68 
72 
75 
78 
79 
85 
94 
95 
99 
105 
113 
124 
134 
140 
148 
152 
157 
158 
160 
161 
163 
176 
177 
179 
182 
183 
184 
185 
186 
188 
191 
199 
201 
208 
217 
221 
224 
226 
228 
230 
231 
234 
236 
240 
243 
258 
260 
261 
265 
268 
269 
273 
276 
280 
292 
304 
308 
309 
314 
315 
317 
319 
321 
323 
324 
328 
330 
340 
343 
344 
346 
347 
353 
356 
360 
361 
362 
363 
364 
365 
369 
375 
377 
382 
387 
395 
403 
410 
417 
419 
420 
424 
446 
447 
450 
454 
460 
463 
469 
484 
493 
13 129
2 
6 
7 
9 
12 
13 
14 
15 
17 
21 
25 
28 
33 
34 
38 
40 
46 
50 
53 
60 
65 
66 
70 
73 
75 
93 
102 
107 
111 
119 
121 
126 
127 
132 
134 
140 
141 
144 
147 
148 
149 
155 
158 
159 
165 
177 
179 
180 
183 
192 
201 
202 
204 
207 
210 
218 
221 
225 
226 
236 
241 
244 
246 
250 
251 
252 
262 
271 
273 
283 
292 
294 
296 
302 
306 
314 
316 
317 
318 
321 
327 
330 
332 
337 
341 
342 
348 
352 
353 
360 
362 
365 
372 
373 
374 
375 
380 
387 
388 
393 
402 
406 
408 
410 
414 
422 
424 
425 
430 
432 
433 
436 
438 
440 
441 
448 
452 
456 
459 
463 
465 
471 
472 
474 
476 
480 
481 
484 
494 
14 128
10 
11 
13 
15 
20 
21 
24 
25 
37 
38 
40 
47 
58 
65 
69 
70 
72 
73 
74 
82 
83 
84 
90 
98 
104 
105 
115 
118 
121 
125 
130 
131 
133 
144 
150 
152 
155 
159 
160 
166 
167 
170 
172 
174 
175 
176 
183 
191 
195 
203 
204 
208 
216 
219 
220 
223 
226 
228 
231 
234 
237 
238 
239 
242 
245 
249 
250 
252 
253 
262 
264 
279 
280 
281 
296 
300 
302 
303 
311 
316 
317 
323 
324 
330 
331 
335 
338 
342 
344 
349 
350 
351 
355 
357 
360 
365 
369 
370 
372 
375 
376 
388 
391 
394 
395 
400 
406 
407 
409 
421 
423 
430 
435 
439 
443 
449 
450 
454 
458 
474 
485 
486 
487 
489 
490 
492 
494 
498 
15 113
0 
3 
6 
7 
15 
22 
24 
30 
37 
41 
44 
45 
50 
51 
52 
54 
55 
56 
58 
62 
66 
68 
74 
84 
89 
91 
94 
106 
110 
112 
114 
120 
137 
150 
151 
156 
165 
167 
169 
174 
176 
180 
181 
182 
186 
190 
204 
205 
210 
219 
230 
232 
233 
234 
235 
236 
238 
240 
243 
244 
251 
253 
254 
271 
275 
278 
279 
293 
301 
306 
312 
314 
320 
321 
328 
329 
330 
335 
336 
344 
356 
359 
360 
361 
370 
375 
394 
396 
397 
400 
402 
404 
405 
407 
414 
418 
424 
427 
431 
436 
442 
444 
445 
446 
454 
460 
463 
465 
466 
471 
477 
494 
496 
16 94
2 
3 
43 
50 
51 
55 
57 
63 
64 
71 
77 
80 
81 
101 
109 
111 
113 
122 
124 
127 
128 
131 
133 
143 
144 
145 
146 
161 
166 
171 
179 
187 
190 
201 
203 
206 
208 
209 
216 
221 
229 
230 
236 
238 
241 
249 
272 
287 
293 
294 
299 
314 
316 
326 
333 
337 
344 
347 
354 
356 
357 
358 
359 
364 
367 
373 
382 
387 
391 
399 
400 
405 
406 
407 
413 
419 
425 
428 
437 
438 
439 
443 
444 
445 
453 
454 
457 
459 
465 
467 
469 
483 
496 
498 
17 102
3 
4 
5 
35 
36 
38 
43 
48 
50 
52 
54 
58 
64 
66 
67 
68 
70 
73 
81 
86 
89 
92 
95 
98 
109 
119 
123 
126 
129 
138 
141 
160 
162 
167 
168 
169 
170 
175 
176 
181 
183 
184 
186 
187 
189 
198 
201 
204 
206 
209 
213 
214 
221 
237 
240 
254 
255 
257 
262 
267 
273 
279 
284 
289 
294 
296 
304 
309 
311 
316 
318 
321 
332 
333 
334 
338 
342 
346 
354 
359 
377 
381 
387 
389 
394 
402 
410 
416 
418 
423 
436 
437 
441 
446 
454 
460 
461 
467 
476 
477 
490 
495 
18 121
6 
10 
20 
24 
25 
35 
38 
39 
42 
43 
46 
51 
57 
61 
77 
79 
82 
83 
84 
93 
94 
95 
103 
104 
105 
107 
108 
111 
116 
117 
120 
128 
131 
135 
138 
144 
145 
147 
150 
152 
161 
163 
171 
172 
177 
180 
184 
186 
187 
188 
189 
197 
199 
201 
206 
211 
212 
215 
216 
226 
228 
236 
237 
240 
241 
245 
246 
252 
255 
258 
259 
260 
265 
269 
272 
275 
285 
299 
301 
307 
310 
311 
315 
317 
323 
329 
332 
338 
343 
349 
350 
354 
358 
364 
376 
377 
380 
382 
389 
390 
394 
404 
407 
409 
410 
411 
428 
429 
443 
445 
447 
449 
460 
468 
472 
475 
476 
482 
486 
492 
495 
19 118
13 
25 
37 
39 
41 
42 
46 
51 
52 
53 
59 
63 
65 
67 
68 
70 
72 
77 
86 
92 
94 
96 
102 
105 
106 
115 
116 
117 
123 
125 
128 
130 
131 
135 
136 
139 
141 
143 
144 
148 
156 
157 
158 
161 
162 
170 
183 
197 
203 
205 
206 
210 
215 
220 
221 
223 
229 
235 
240 
241 
243 
259 
263 
264 
270 
272 
273 
278 
285 
292 
298 
303 
308 
310 
311 
312 
318 
324 
339 
346 
353 
355 
358 
366 
367 
368 
371 
376 
384 
393 
398 
406 
407 
408 
410 
414 
419 
424 
431 
438 
439 
445 
457 
459 
461 
466 
467 
479 
481 
482 
483 
484 
485 
486 
490 
491 
493 
496 
-0.400000 20
0 7
15 
126 
136 
217 
449 
479 
491 
1 12
0 
5 
70 
116 
231 
265 
280 
310 
403 
475 
480 
489 
2 4
155 
326 
327 
370 
3 9
76 
98 
101 
119 
201 
203 
208 
289 
339 
4 4
402 
448 
452 
461 
5 12
30 
211 
212 
216 
254 
264 
271 
276 
306 
308 
427 
457 
6 7
12 
138 
202 
217 
277 
457 
468 
7 6
6 
9 
166 
415 
463 
482 
8 6
15 
20 
167 
201 
413 
482 
9 6
112 
136 
137 
141 
142 
147 
10 3
180 
331 
472 
11 11
6 
7 
50 
122 
215 
216 
343 
391 
392 
460 
467 
12 3
97 
145 
295 
13 8
29 
137 
145 
152 
190 
312 
445 
457 
14 8
187 
261 
286 
295 
310 
385 
415 
461 
15 3
296 
342 
420 
16 12
49 
61 
62 
141 
158 
175 
182 
189 
192 
223 
484 
489 
17 10
7 
11 
93 
155 
232 
337 
382 
453 
455 
462 
18 10
54 
78 
88 
168 
174 
205 
346 
422 
424 
494 
19 6
127 
132 
153 
230 
403 
432 
-0.200000 20
0 66
4 
10 
35 
37 
43 
46 
76 
86 
87 
90 
91 
105 
111 
119 
125 
130 
150 
151 
160 
165 
166 
170 
173 
194 
204 
210 
215 
221 
225 
240 
265 
273 
274 
287 
288 
290 
291 
297 
303 
309 
312 
316 
328 
329 
331 
332 
334 
340 
352 
362 
368 
372 
373 
391 
412 
418 
450 
453 
454 
455 
459 
462 
478 
485 
490 
492 
1 59
1 
2 
29 
34 
42 
43 
64 
65 
67 
80 
81 
82 
85 
87 
115 
130 
132 
135 
140 
146 
162 
167 
176 
189 
198 
207 
210 
212 
225 
242 
247 
248 
254 
275 
276 
290 
297 
314 
320 
326 
335 
341 
345 
348 
350 
351 
355 
364 
373 
381 
410 
411 
421 
451 
453 
454 
479 
482 
499 
2 68
19 
24 
62 
63 
73 
82 
88 
117 
123 
124 
126 
128 
138 
140 
141 
143 
145 
156 
160 
163 
165 
169 
170 
171 
192 
204 
214 
220 
227 
230 
235 
242 
257 
262 
277 
284 
289 
294 
295 
301 
305 
310 
311 
318 
325 
328 
337 
343 
346 
347 
357 
365 
366 
371 
375 
376 
377 
395 
404 
412 
414 
418 
432 
441 
451 
453 
469 
471 
3 62
26 
32 
46 
47 
50 
55 
66 
67 
69 
77 
82 
93 
103 
134 
139 
143 
178 
183 
193 
196 
223 
224 
227 
229 
235 
251 
252 
257 
263 
277 
287 
294 
304 
313 
331 
333 
336 
344 
349 
369 
374 
379 
380 
384 
389 
393 
403 
410 
411 
419 
421 
422 
431 
440 
445 
453 
458 
465 
473 
477 
478 
496 
4 64
17 
25 
26 
34 
58 
93 
94 
97 
116 
118 
124 
127 
130 
135 
142 
143 
148 
155 
163 
165 
168 
178 
179 
184 
188 
200 
215 
221 
228 
233 
234 
250 
258 
259 
261 
281 
290 
299 
301 
305 
329 
338 
349 
361 
385 
390 
392 
399 
400 
409 
410 
414 
415 
427 
430 
431 
432 
443 
447 
451 
469 
478 
482 
483 
5 83
1 
8 
11 
13 
20 
31 
33 
35 
36 
41 
43 
53 
54 
57 
63 
73 
91 
108 
114 
116 
117 
118 
120 
121 
137 
141 
149 
157 
161 
183 
188 
193 
220 
229 
247 
251 
252 
255 
256 
263 
269 
272 
286 
290 
295 
309 
310 
322 
323 
326 
327 
340 
352 
363 
364 
380 
390 
403 
404 
410 
412 
428 
431 
434 
435 
438 
445 
452 
459 
462 
464 
466 
474 
475 
478 
482 
483 
487 
488 
492 
493 
494 
495 
6 73
0 
1 
5 
10 
11 
16 
17 
20 
22 
27 
36 
37 
47 
49 
58 
60 
63 
64 
79 
98 
142 
143 
146 
150 
158 
165 
177 
182 
184 
188 
193 
194 
195 
196 
206 
225 
233 
238 
239 
254 
257 
258 
259 
263 
273 
298 
301 
307 
313 
319 
325 
336 
340 
342 
354 
356 
358 
359 
360 
361 
366 
379 
399 
408 
420 
427 
430 
432 
438 
446 
456 
469 
490 
7 83
4 
5 
15 
19 
28 
36 
37 
43 
48 
53 
59 
70 
73 
74 
75 
80 
85 
90 
116 
119 
137 
149 
151 
161 
167 
168 
170 
179 
184 
185 
207 
217 
222 
234 
236 
237 
238 
242 
245 
255 
267 
275 
277 
287 
292 
304 
309 
310 
311 
313 
324 
326 
327 
331 
335 
339 
340 
342 
358 
377 
384 
396 
398 
405 
406 
412 
414 
416 
420 
435 
436 
438 
443 
450 
457 
460 
462 
464 
472 
481 
487 
488 
489 
8 81
7 
10 
11 
12 
17 
21 
22 
39 
44 
51 
56 
60 
69 
70 
71 
72 
76 
78 
81 
83 
88 
91 
109 
114 
115 
119 
124 
131 
162 
168 
179 
185 
186 
191 
196 
197 
209 
219 
223 
236 
237 
244 
258 
260 
263 
265 
266 
272 
295 
312 
314 
315 
316 
318 
321 
331 
337 
343 
344 
347 
348 
349 
381 
394 
397 
400 
401 
402 
405 
410 
415 
436 
439 
456 
461 
466 
470 
476 
480 
484 
487 
9 72
1 
13 
14 
26 
49 
62 
67 
78 
79 
82 
83 
85 
90 
103 
113 
116 
118 
122 
143 
155 
156 
168 
170 
173 
184 
189 
191 
194 
204 
206 
210 
211 
217 
218 
223 
232 
233 
236 
238 
241 
242 
243 
254 
267 
281 
283 
286 
296 
301 
302 
304 
313 
318 
321 
377 
400 
414 
417 
418 
423 
431 
434 
437 
444 
455 
457 
460 
467 
470 
489 
491 
497 
10 52
17 
25 
31 
36 
52 
53 
75 
80 
84 
88 
153 
154 
156 
159 
161 
163 
165 
166 
175 
179 
190 
195 
205 
207 
223 
227 
257 
262 
267 
270 
285 
291 
313 
332 
333 
334 
336 
348 
353 
354 
355 
356 
372 
399 
404 
405 
406 
424 
460 
466 
474 
487 
11 70
0 
1 
2 
4 
5 
8 
9 
11 
33 
76 
86 
91 
93 
95 
102 
103 
106 
125 
135 
143 
156 
157 
169 
173 
186 
191 
220 
223 
230 
235 
237 
248 
256 
257 
262 
263 
265 
267 
271 
272 
275 
279 
285 
297 
310 
325 
327 
331 
333 
339 
342 
351 
354 
355 
356 
377 
379 
390 
403 
409 
415 
420 
424 
454 
459 
464 
468 
469 
479 
495 
12 67
5 
6 
7 
18 
19 
25 
50 
54 
57 
60 
62 
66 
67 
71 
74 
87 
88 
93 
96 
112 
114 
141 
143 
147 
162 
165 
166 
167 
171 
187 
189 
190 
192 
193 
194 
197 
218 
219 
222 
223 
232 
233 
235 
238 
245 
249 
254 
313 
342 
349 
359 
367 
376 
379 
399 
409 
414 
415 
416 
423 
429 
448 
474 
479 
489 
494 
498 
13 66
0 
10 
11 
41 
47 
48 
55 
76 
81 
84 
101 
105 
106 
116 
142 
146 
157 
162 
184 
191 
194 
195 
206 
212 
215 
219 
234 
243 
259 
267 
268 
272 
274 
281 
282 
285 
287 
288 
301 
303 
305 
323 
324 
326 
340 
347 
350 
351 
355 
370 
377 
381 
382 
385 
394 
403 
404 
409 
435 
443 
446 
447 
482 
483 
488 
489 
14 72
23 
30 
43 
48 
49 
55 
57 
62 
63 
67 
68 
71 
78 
80 
89 
94 
99 
100 
106 
119 
142 
147 
157 
158 
161 
162 
181 
188 
192 
193 
196 
197 
205 
206 
210 
227 
233 
247 
248 
256 
259 
269 
274 
275 
285 
290 
304 
312 
315 
318 
319 
322 
329 
333 
336 
341 
352 
368 
373 
380 
404 
413 
414 
416 
428 
434 
436 
446 
456 
470 
484 
491 
15 65
1 
2 
20 
21 
34 
42 
46 
47 
57 
67 
69 
92 
93 
111 
118 
119 
131 
136 
145 
154 
161 
171 
172 
173 
183 
187 
188 
196 
217 
222 
227 
231 
256 
274 
297 
310 
311 
318 
331 
354 
369 
371 
372 
377 
378 
379 
392 
393 
395 
406 
411 
412 
419 
421 
422 
426 
439 
441 
443 
468 
469 
474 
497 
498 
499 
16 73
0 
4 
9 
11 
17 
23 
27 
42 
47 
68 
69 
70 
102 
107 
136 
140 
142 
152 
156 
168 
170 
176 
185 
195 
204 
207 
211 
222 
227 
231 
234 
237 
248 
250 
253 
259 
263 
274 
292 
297 
301 
306 
307 
312 
319 
323 
324 
330 
361 
362 
368 
372 
375 
378 
381 
385 
409 
412 
414 
417 
420 
424 
426 
427 
432 
434 
446 
451 
452 
458 
460 
473 
479 
17 63
9 
10 
25 
26 
27 
37 
51 
55 
69 
71 
74 
94 
112 
116 
134 
150 
153 
156 
180 
191 
211 
217 
218 
219 
223 
226 
228 
229 
230 
249 
260 
268 
270 
271 
276 
277 
285 
307 
312 
314 
325 
330 
341 
350 
351 
355 
360 
380 
385 
412 
413 
425 
430 
432 
433 
452 
471 
478 
479 
484 
485 
491 
493 
18 68
15 
16 
23 
44 
48 
49 
58 
63 
67 
87 
89 
96 
100 
101 
106 
110 
130 
142 
160 
165 
167 
169 
176 
181 
192 
193 
200 
218 
219 
224 
225 
227 
232 
247 
249 
257 
261 
266 
292 
294 
298 
304 
321 
325 
335 
336 
337 
340 
342 
345 
372 
393 
400 
405 
406 
419 
423 
435 
446 
455 
466 
469 
473 
489 
490 
493 
497 
499 
19 74
15 
28 
56 
58 
61 
66 
85 
91 
93 
98 
99 
103 
121 
122 
137 
138 
142 
147 
152 
173 
175 
176 
177 
180 
181 
182 
184 
187 
190 
191 
192 
195 
196 
202 
217 
218 
225 
233 
236 
237 
242 
246 
248 
255 
258 
274 
276 
297 
301 
302 
306 
316 
321 
326 
327 
331 
332 
340 
342 
344 
349 
351 
395 
399 
421 
423 
428 
434 
436 
440 
456 
473 
478 
495 
