20 400 138
-0.250000 20
0 5
6 
53 
291 
350 
393 
1 3
141 
188 
318 
2 3
9 
88 
103 
3 4
98 
197 
228 
284 
4 3
59 
153 
340 
5 3
122 
146 
158 
6 3
116 
244 
395 
7 2
262 
277 
8 2
109 
181 
9 5
13 
183 
297 
330 
344 
10 4
6 
160 
225 
283 
11 7
89 
177 
304 
311 
329 
338 
385 
12 5
20 
48 
173 
325 
331 
13 1
2 
14 6
119 
128 
266 
279 
300 
392 
15 2
158 
241 
16 5
47 
65 
160 
257 
362 
17 2
264 
323 
18 3
97 
285 
316 
19 4
22 
31 
180 
392 
0.250000 16
0 1
202 
2 4
40 
170 
181 
329 
3 1
50 
4 2
283 
298 
5 1
82 
6 2
137 
314 
7 4
138 
243 
324 
337 
8 3
224 
335 
374 
9 3
212 
325 
328 
10 1
111 
12 1
390 
14 2
90 
291 
15 1
122 
16 3
12 
288 
397 
17 1
229 
19 1
359 
0.500000 3
1 1
161 
10 1
74 
17 1
270 
-0.560000 3
8 1
92 
9 1
110 
11 1
184 
0.640000 2
2 1
187 
13 1
354 
0.190000 20
0 4
0 
18 
150 
299 
1 1
272 
2 4
53 
71 
89 
190 
3 6
17 
41 
87 
124 
185 
190 
4 4
50 
111 
170 
392 
5 2
26 
50 
6 4
105 
146 
247 
258 
7 7
6 
31 
72 
83 
132 
133 
242 
8 5
0 
62 
118 
322 
369 
9 2
92 
122 
10 6
49 
91 
95 
181 
192 
319 
11 5
22 
60 
62 
75 
255 
12 1
347 
13 5
55 
108 
149 
371 
398 
14 4
188 
280 
372 
385 
15 3
117 
311 
361 
16 3
0 
67 
175 
17 7
100 
101 
104 
109 
190 
290 
387 
18 5
2 
10 
163 
184 
261 
19 5
70 
201 
309 
310 
312 
0.120000 20
0 4
47 
201 
254 
308 
1 4
53 
265 
311 
351 
2 6
72 
201 
238 
257 
290 
325 
3 7
3 
151 
207 
291 
339 
365 
375 
4 7
46 
55 
259 
339 
370 
372 
389 
5 5
4 
93 
236 
256 
270 
6 10
40 
74 
99 
129 
178 
206 
227 
261 
324 
398 
7 3
84 
98 
195 
8 12
51 
108 
174 
184 
195 
210 
230 
251 
275 
328 
350 
384 
9 6
88 
197 
221 
231 
303 
370 
10 11
45 
94 
149 
163 
191 
199 
204 
208 
213 
259 
322 
11 4
110 
151 
156 
254 
12 6
26 
135 
220 
269 
392 
395 
13 9
33 
40 
57 
62 
238 
246 
290 
378 
399 
14 8
88 
94 
219 
225 
226 
275 
312 
377 
15 3
38 
88 
139 
16 8
8 
28 
199 
216 
219 
317 
379 
386 
17 7
82 
91 
185 
298 
314 
384 
388 
18 5
82 
158 
270 
339 
388 
19 5
9 
34 
208 
262 
316 
0.730000 1
17 1
372 
-0.540000 5
16 1
91 
19 1
181 
3 1
89 
12 1
272 
5 1
337 
-0.500000 3
16 2
140 
141 
9 1
115 
7 2
63 
317 
0.030000 20
0 9
17 
67 
75 
105 
136 
167 
230 
241 
363 
1 5
63 
106 
268 
308 
389 
2 9
19 
38 
93 
185 
194 
235 
344 
388 
391 
3 6
68 
95 
111 
159 
241 
384 
4 10
11 
61 
62 
84 
160 
179 
220 
264 
320 
341 
5 3
3 
163 
254 
6 8
20 
59 
78 
185 
255 
288 
348 
383 
7 7
76 
90 
92 
196 
205 
212 
216 
8 9
23 
27 
125 
266 
308 
334 
359 
380 
391 
9 7
35 
70 
82 
148 
186 
205 
269 
10 11
3 
4 
22 
35 
54 
103 
108 
114 
168 
212 
335 
11 8
71 
127 
169 
176 
180 
221 
295 
363 
12 14
43 
93 
106 
127 
151 
166 
197 
209 
211 
255 
265 
278 
349 
363 
13 6
13 
85 
90 
186 
312 
321 
14 10
2 
29 
62 
69 
104 
218 
240 
305 
350 
371 
15 7
13 
20 
103 
109 
149 
159 
381 
16 8
118 
162 
218 
260 
289 
296 
297 
398 
17 15
24 
128 
196 
206 
216 
230 
241 
249 
299 
310 
313 
318 
341 
353 
392 
18 9
23 
35 
36 
128 
134 
213 
296 
345 
362 
19 13
15 
88 
90 
93 
94 
133 
136 
138 
203 
211 
274 
320 
325 
0.260000 16
0 3
23 
80 
336 
2 2
117 
277 
3 1
276 
5 1
104 
6 1
240 
7 3
74 
268 
275 
9 1
4 
10 2
280 
366 
11 1
102 
12 1
225 
13 2
154 
232 
14 1
21 
15 1
189 
16 2
90 
312 
17 2
220 
355 
19 2
14 
170 
-0.490000 6
0 1
187 
3 1
110 
6 1
391 
9 1
311 
13 1
283 
18 1
93 
-0.640000 2
8 1
87 
7 1
292 
-0.520000 7
2 2
8 
108 
3 1
183 
5 1
336 
8 1
88 
11 1
194 
15 1
53 
18 1
187 
0.220000 18
1 6
20 
37 
171 
219 
327 
347 
2 3
116 
179 
233 
3 3
152 
177 
275 
4 2
237 
350 
5 3
20 
34 
74 
6 1
42 
7 3
134 
190 
372 
8 1
310 
9 3
124 
238 
397 
10 3
110 
339 
398 
11 1
5 
12 3
153 
254 
394 
13 2
61 
396 
15 2
197 
319 
16 2
117 
374 
17 1
195 
18 3
179 
258 
347 
19 2
220 
342 
-0.360000 14
0 1
213 
1 1
29 
3 1
33 
4 4
30 
176 
218 
344 
5 2
107 
118 
6 2
282 
392 
7 1
387 
10 2
278 
303 
13 1
3 
14 3
112 
117 
363 
15 1
114 
16 3
31 
153 
388 
17 2
30 
142 
19 2
222 
376 
-0.040000 20
0 17
20 
24 
62 
99 
117 
146 
215 
237 
248 
294 
316 
339 
358 
361 
379 
396 
399 
1 14
2 
15 
42 
67 
69 
94 
150 
152 
206 
270 
290 
292 
357 
360 
2 9
82 
90 
146 
147 
222 
260 
265 
340 
375 
3 8
48 
61 
163 
206 
211 
250 
293 
370 
4 11
57 
66 
137 
185 
190 
195 
198 
269 
328 
360 
378 
5 10
17 
38 
114 
124 
153 
205 
214 
264 
266 
395 
6 8
68 
85 
134 
200 
220 
267 
297 
336 
7 7
35 
50 
127 
141 
258 
272 
299 
8 17
2 
16 
66 
117 
167 
172 
205 
239 
241 
242 
257 
262 
326 
330 
339 
364 
371 
9 12
12 
22 
31 
76 
147 
224 
317 
321 
350 
371 
374 
394 
10 10
112 
138 
172 
178 
209 
228 
233 
252 
331 
353 
11 16
4 
15 
18 
88 
124 
164 
203 
218 
244 
249 
276 
284 
308 
353 
387 
389 
12 15
0 
8 
50 
62 
76 
87 
148 
180 
182 
214 
223 
285 
299 
337 
354 
13 12
11 
28 
29 
47 
51 
80 
86 
158 
200 
217 
297 
349 
14 7
73 
123 
235 
292 
315 
316 
376 
15 6
50 
129 
131 
210 
312 
362 
16 9
2 
4 
61 
157 
202 
303 
357 
378 
382 
17 11
5 
26 
83 
87 
134 
147 
257 
284 
309 
320 
343 
18 10
52 
64 
68 
79 
130 
156 
157 
231 
356 
375 
19 11
4 
12 
69 
185 
197 
256 
317 
330 
349 
363 
373 
-0.620000 1
9 1
335 
0.400000 8
2 2
34 
357 
3 2
129 
382 
4 1
247 
6 2
57 
333 
7 2
192 
270 
8 1
329 
9 2
222 
290 
19 1
307 
0.210000 19
0 5
26 
171 
189 
210 
275 
1 5
32 
71 
154 
273 
361 
2 8
45 
74 
94 
124 
133 
145 
289 
303 
3 4
18 
213 
259 
366 
4 6
110 
212 
300 
301 
331 
390 
5 6
164 
251 
275 
298 
386 
391 
6 4
104 
131 
242 
319 
7 2
204 
367 
8 3
264 
304 
383 
9 8
108 
142 
194 
258 
273 
286 
296 
304 
11 4
56 
112 
235 
238 
12 5
112 
123 
152 
203 
235 
13 6
53 
101 
114 
227 
264 
383 
14 3
84 
220 
227 
15 5
9 
124 
184 
246 
350 
16 3
95 
167 
221 
17 5
29 
32 
33 
102 
367 
18 4
24 
120 
189 
204 
19 5
119 
279 
290 
300 
321 
-0.240000 20
0 4
177 
367 
377 
397 
1 2
142 
249 
2 3
206 
353 
355 
3 3
5 
283 
309 
4 4
53 
146 
225 
323 
5 3
226 
341 
388 
6 6
70 
88 
175 
212 
230 
367 
7 4
18 
135 
149 
156 
8 2
98 
293 
9 4
29 
227 
354 
388 
10 3
60 
326 
374 
11 6
40 
179 
191 
212 
252 
334 
12 6
45 
63 
101 
241 
311 
352 
13 2
8 
293 
14 7
70 
106 
194 
278 
321 
338 
339 
15 9
7 
16 
56 
61 
236 
237 
284 
364 
386 
16 3
26 
126 
147 
17 3
152 
202 
321 
18 3
32 
42 
331 
19 1
61 
-0.280000 19
1 3
157 
163 
294 
2 1
361 
3 2
327 
331 
4 5
54 
109 
208 
308 
346 
5 4
261 
308 
333 
363 
6 2
321 
340 
7 1
112 
8 2
233 
361 
9 3
79 
84 
383 
10 3
115 
153 
154 
11 1
339 
12 3
97 
274 
330 
13 2
94 
204 
14 5
35 
139 
270 
283 
320 
15 6
22 
91 
248 
261 
272 
342 
16 6
83 
86 
105 
145 
328 
348 
17 1
138 
18 4
6 
282 
288 
306 
19 2
79 
191 
0.520000 3
17 1
378 
4 1
330 
7 1
88 
0.460000 5
2 1
122 
15 1
179 
4 1
27 
14 2
97 
310 
7 2
225 
344 
0.100000 20
0 9
8 
19 
21 
43 
110 
151 
179 
247 
278 
1 6
61 
119 
153 
167 
286 
333 
2 3
140 
263 
352 
3 5
108 
114 
223 
231 
334 
4 5
5 
45 
75 
116 
256 
5 12
12 
52 
84 
129 
170 
249 
276 
289 
353 
359 
373 
396 
6 5
60 
179 
243 
260 
350 
7 6
22 
71 
119 
233 
274 
390 
8 9
59 
64 
151 
190 
211 
229 
246 
318 
377 
9 7
109 
139 
193 
240 
245 
275 
295 
10 11
14 
79 
82 
96 
102 
203 
270 
292 
295 
340 
354 
11 9
0 
26 
50 
55 
93 
131 
166 
265 
380 
12 8
36 
128 
132 
158 
161 
193 
236 
335 
13 6
60 
100 
107 
299 
329 
346 
14 9
1 
42 
76 
79 
82 
169 
201 
274 
370 
15 8
125 
166 
180 
190 
306 
330 
346 
394 
16 5
98 
123 
206 
256 
321 
17 7
38 
44 
81 
222 
231 
237 
253 
18 5
20 
84 
160 
349 
370 
19 10
7 
16 
64 
72 
137 
165 
270 
285 
315 
343 
0.050000 20
0 11
63 
73 
95 
143 
149 
205 
267 
325 
341 
355 
374 
1 9
35 
59 
116 
130 
159 
170 
180 
300 
372 
2 9
120 
152 
154 
191 
240 
268 
269 
299 
354 
3 17
63 
149 
176 
200 
208 
217 
225 
252 
295 
298 
313 
315 
320 
322 
354 
381 
389 
4 8
37 
48 
167 
210 
239 
302 
336 
354 
5 6
68 
75 
128 
140 
190 
241 
6 6
26 
112 
278 
371 
375 
384 
7 3
37 
300 
359 
8 16
10 
15 
21 
50 
71 
76 
102 
112 
113 
189 
197 
202 
209 
248 
300 
360 
9 8
7 
24 
73 
127 
280 
283 
329 
369 
10 7
44 
98 
135 
174 
234 
341 
345 
11 13
51 
65 
69 
78 
143 
175 
204 
225 
233 
371 
381 
382 
390 
12 8
9 
40 
130 
243 
247 
301 
333 
381 
13 8
25 
115 
212 
220 
243 
294 
320 
390 
14 9
45 
102 
164 
176 
205 
259 
356 
388 
389 
15 7
78 
130 
170 
249 
295 
335 
348 
16 11
53 
171 
248 
255 
286 
307 
315 
337 
341 
352 
396 
17 5
47 
141 
226 
242 
252 
18 4
278 
300 
304 
387 
19 11
41 
45 
109 
141 
144 
249 
257 
273 
314 
337 
389 
-0.350000 16
0 1
346 
1 1
299 
2 3
297 
366 
372 
3 1
127 
4 2
4 
177 
5 3
113 
160 
313 
6 1
39 
7 4
308 
343 
363 
382 
8 4
32 
97 
136 
232 
9 2
111 
315 
10 2
165 
310 
11 1
192 
13 1
123 
14 4
151 
198 
265 
346 
15 4
1 
2 
37 
243 
18 1
244 
0.550000 4
16 1
104 
2 1
369 
12 1
302 
7 1
187 
-0.700000 1
7 1
338 
-0.590000 3
17 1
327 
11 1
189 
6 1
317 
0.380000 7
0 1
286 
4 1
284 
6 1
370 
7 1
174 
9 1
308 
13 3
102 
177 
362 
16 2
50 
193 
0.280000 16
0 2
79 
303 
1 2
70 
274 
2 1
111 
3 1
13 
4 2
93 
355 
5 1
151 
6 4
35 
136 
142 
372 
7 4
65 
154 
191 
215 
8 4
185 
256 
298 
349 
9 4
138 
181 
213 
398 
11 3
289 
294 
349 
12 1
372 
13 1
379 
15 3
317 
323 
345 
17 2
2 
71 
18 1
227 
-0.470000 3
0 1
382 
11 1
42 
12 1
275 
-0.660000 2
16 1
96 
7 1
13 
-0.370000 14
2 3
102 
314 
358 
3 1
38 
4 1
322 
5 1
375 
7 1
14 
8 1
96 
10 1
187 
12 2
271 
357 
13 1
133 
14 1
113 
15 2
21 
269 
16 1
110 
17 2
307 
331 
18 1
182 
-0.600000 1
8 1
131 
0.360000 9
0 1
302 
2 1
73 
3 2
182 
286 
4 1
278 
5 1
80 
7 3
200 
281 
336 
10 2
195 
324 
16 1
318 
17 2
173 
297 
0.410000 7
0 2
14 
332 
5 1
352 
7 1
260 
8 1
297 
9 2
225 
232 
14 1
296 
16 2
93 
340 
-0.170000 20
0 8
11 
72 
156 
196 
257 
274 
305 
383 
1 6
7 
12 
101 
146 
151 
359 
2 3
16 
141 
198 
3 4
29 
166 
255 
277 
4 12
14 
19 
64 
86 
104 
119 
173 
234 
273 
295 
352 
393 
5 11
11 
42 
56 
91 
96 
144 
167 
181 
186 
280 
302 
6 6
25 
44 
170 
285 
312 
361 
7 7
3 
120 
151 
214 
231 
276 
315 
8 4
44 
148 
345 
366 
9 7
47 
166 
191 
249 
287 
324 
385 
10 5
58 
59 
117 
182 
362 
11 4
14 
217 
251 
313 
12 5
1 
65 
245 
343 
345 
13 6
38 
48 
109 
263 
274 
327 
14 5
16 
120 
143 
162 
262 
15 5
44 
70 
150 
199 
338 
16 1
127 
17 5
8 
36 
118 
280 
381 
18 6
106 
199 
241 
253 
269 
286 
19 6
18 
130 
151 
214 
250 
267 
-0.390000 11
2 1
62 
3 1
285 
4 5
91 
213 
230 
296 
376 
7 2
28 
113 
9 2
105 
130 
11 2
186 
328 
12 1
108 
13 3
288 
358 
369 
15 1
36 
16 2
13 
87 
18 1
181 
0.420000 2
3 1
186 
7 1
217 
0.170000 19
0 5
262 
266 
300 
326 
389 
1 4
178 
179 
201 
253 
2 8
121 
184 
239 
275 
293 
356 
365 
387 
3 5
150 
180 
329 
373 
383 
4 4
12 
217 
221 
242 
5 4
54 
222 
242 
350 
6 6
5 
91 
156 
193 
313 
381 
7 5
70 
116 
239 
265 
271 
8 3
152 
244 
354 
9 2
74 
103 
10 6
13 
84 
227 
337 
348 
365 
11 2
25 
245 
12 3
52 
360 
376 
13 5
24 
52 
75 
324 
386 
14 8
23 
33 
184 
222 
231 
245 
318 
399 
15 2
145 
325 
17 9
46 
86 
121 
127 
181 
187 
191 
371 
398 
18 2
47 
385 
19 1
212 
0.290000 19
0 2
102 
307 
1 1
65 
2 2
178 
183 
3 1
210 
4 2
1 
289 
5 1
360 
6 2
140 
236 
7 1
209 
8 3
60 
194 
274 
9 6
71 
72 
95 
137 
362 
382 
10 1
88 
12 1
212 
13 3
119 
226 
253 
14 3
20 
180 
181 
15 2
176 
370 
16 5
71 
89 
156 
215 
335 
17 4
70 
342 
349 
373 
18 3
104 
210 
378 
19 2
303 
329 
-0.230000 20
0 3
107 
362 
388 
1 2
11 
244 
2 5
195 
215 
302 
309 
392 
3 1
267 
4 3
3 
253 
399 
5 2
206 
368 
6 8
79 
166 
171 
182 
234 
272 
276 
363 
7 4
105 
159 
223 
250 
8 4
89 
183 
243 
288 
9 6
61 
91 
264 
282 
306 
319 
10 5
11 
27 
148 
316 
388 
11 1
232 
12 7
24 
68 
69 
70 
174 
191 
398 
13 3
278 
318 
339 
14 10
28 
55 
109 
157 
196 
199 
267 
333 
375 
391 
15 6
100 
201 
256 
289 
353 
376 
16 3
9 
164 
302 
17 4
201 
246 
250 
312 
18 4
18 
250 
295 
336 
19 2
322 
358 
-0.570000 3
8 1
138 
17 1
365 
7 1
108 
-0.010000 20
0 11
28 
41 
59 
74 
85 
144 
159 
197 
235 
273 
304 
1 10
23 
113 
121 
160 
189 
218 
291 
307 
315 
394 
2 10
3 
36 
76 
84 
87 
129 
246 
284 
336 
383 
3 7
97 
157 
158 
171 
215 
325 
372 
4 5
165 
175 
262 
277 
368 
5 5
39 
43 
83 
142 
183 
6 9
51 
53 
143 
196 
205 
250 
270 
304 
394 
7 7
30 
34 
54 
169 
203 
208 
238 
8 8
20 
28 
69 
145 
147 
191 
273 
302 
9 7
37 
54 
75 
268 
356 
372 
399 
10 15
0 
83 
171 
247 
262 
268 
291 
357 
363 
364 
368 
381 
386 
395 
396 
11 10
6 
21 
92 
200 
267 
278 
342 
351 
362 
366 
12 7
33 
51 
224 
227 
244 
350 
397 
13 17
4 
44 
56 
96 
97 
103 
125 
140 
148 
157 
160 
192 
252 
300 
337 
350 
375 
14 5
174 
239 
272 
301 
382 
15 6
95 
194 
223 
315 
356 
384 
16 16
6 
45 
148 
150 
159 
189 
195 
208 
261 
263 
279 
295 
300 
359 
380 
399 
17 12
68 
76 
89 
90 
125 
169 
212 
227 
240 
272 
329 
330 
18 13
3 
13 
46 
75 
87 
176 
178 
183 
203 
211 
273 
281 
325 
19 5
189 
219 
223 
239 
260 
-0.440000 6
2 1
159 
9 1
135 
11 1
187 
12 1
103 
13 1
309 
14 1
166 
0.010000 20
0 9
5 
98 
118 
264 
269 
319 
334 
344 
369 
1 9
4 
10 
33 
38 
45 
145 
186 
192 
263 
2 13
37 
65 
134 
138 
144 
202 
207 
232 
295 
298 
301 
339 
390 
3 11
54 
71 
96 
145 
147 
169 
245 
266 
317 
349 
394 
4 8
76 
89 
101 
148 
162 
254 
315 
335 
5 11
13 
28 
41 
60 
71 
72 
88 
194 
200 
227 
297 
6 10
67 
108 
124 
198 
214 
265 
266 
284 
303 
320 
7 6
19 
93 
202 
210 
241 
384 
8 6
101 
121 
164 
170 
287 
368 
9 6
2 
121 
171 
223 
301 
343 
10 18
17 
26 
33 
73 
129 
173 
235 
241 
263 
274 
287 
293 
294 
305 
307 
356 
375 
391 
11 14
36 
70 
101 
104 
117 
119 
128 
139 
158 
170 
201 
208 
324 
347 
12 16
12 
14 
34 
94 
121 
160 
167 
228 
242 
261 
286 
316 
328 
332 
340 
346 
13 5
130 
208 
249 
330 
370 
14 6
37 
74 
122 
297 
379 
390 
15 8
34 
46 
171 
215 
253 
298 
329 
334 
16 12
10 
20 
55 
112 
143 
161 
184 
190 
262 
298 
314 
372 
17 10
28 
42 
73 
88 
139 
144 
213 
258 
273 
356 
18 9
0 
76 
212 
225 
230 
275 
314 
322 
327 
19 5
44 
148 
210 
231 
246 
0.590000 2
0 1
327 
7 1
282 
-0.330000 16
1 3
34 
48 
82 
2 2
205 
285 
3 1
188 
4 3
85 
223 
317 
5 2
106 
108 
6 4
167 
180 
191 
397 
7 2
182 
289 
9 4
87 
177 
217 
316 
11 2
182 
196 
12 2
22 
273 
13 3
9 
132 
352 
14 2
138 
345 
15 2
3 
278 
17 1
364 
18 3
1 
92 
290 
19 3
6 
81 
108 
-0.860000 1
3 1
133 
0.150000 20
0 9
42 
51 
82 
140 
164 
250 
293 
313 
384 
1 4
126 
252 
304 
329 
2 7
55 
128 
307 
310 
324 
330 
399 
3 6
64 
74 
154 
226 
227 
379 
4 8
105 
189 
229 
241 
243 
260 
310 
358 
5 8
25 
32 
86 
103 
115 
230 
315 
385 
6 4
113 
154 
331 
373 
7 6
24 
165 
185 
371 
373 
379 
8 8
65 
149 
154 
180 
235 
311 
312 
373 
9 9
32 
52 
123 
173 
256 
259 
307 
357 
367 
10 6
264 
288 
296 
323 
350 
370 
11 3
28 
256 
370 
12 5
44 
91 
201 
256 
264 
13 2
58 
389 
14 6
100 
178 
182 
290 
340 
384 
15 5
79 
177 
196 
294 
397 
16 6
78 
139 
330 
354 
365 
381 
17 4
285 
293 
296 
394 
18 3
22 
249 
324 
19 11
11 
46 
77 
100 
118 
159 
167 
200 
233 
308 
336 
-0.680000 1
2 1
107 
0.300000 17
0 2
301 
354 
1 1
166 
2 1
254 
3 2
106 
388 
4 2
288 
385 
5 1
120 
6 2
55 
359 
7 1
374 
9 1
93 
10 1
344 
11 3
7 
125 
345 
13 1
193 
14 2
25 
183 
15 3
104 
224 
314 
16 1
37 
18 2
49 
196 
19 1
202 
0.200000 19
0 2
292 
330 
1 3
24 
346 
396 
2 6
50 
79 
110 
139 
156 
214 
3 4
35 
179 
230 
254 
4 2
60 
306 
5 2
22 
49 
6 5
95 
141 
189 
237 
246 
7 4
32 
100 
137 
220 
8 2
58 
199 
9 4
9 
57 
94 
274 
10 5
25 
104 
105 
349 
378 
11 2
12 
318 
12 7
117 
118 
234 
364 
370 
374 
386 
13 4
59 
188 
198 
393 
15 4
76 
82 
275 
276 
16 6
11 
21 
234 
250 
313 
320 
17 5
197 
221 
303 
348 
374 
18 2
348 
389 
19 4
49 
68 
132 
311 
-0.450000 6
3 1
11 
4 1
313 
5 2
117 
307 
7 2
364 
383 
16 1
183 
17 1
137 
0.140000 20
0 4
9 
13 
276 
365 
1 2
111 
125 
2 5
27 
66 
123 
186 
376 
3 9
53 
125 
140 
146 
164 
260 
304 
312 
328 
4 11
2 
29 
87 
94 
124 
134 
184 
199 
211 
266 
294 
5 6
15 
70 
229 
257 
290 
366 
6 7
24 
41 
72 
90 
125 
184 
210 
7 4
75 
87 
143 
153 
8 5
269 
276 
309 
343 
392 
9 4
97 
206 
226 
396 
10 9
9 
47 
89 
236 
246 
267 
273 
300 
361 
11 5
61 
130 
161 
239 
258 
12 3
29 
78 
206 
13 4
267 
377 
382 
388 
14 3
216 
319 
381 
15 6
98 
112 
132 
292 
327 
371 
16 7
7 
88 
194 
233 
269 
271 
391 
17 4
103 
233 
379 
383 
18 2
9 
234 
19 5
20 
32 
275 
280 
364 
0.430000 5
9 1
89 
2 4
157 
331 
362 
368 
19 1
354 
12 1
258 
13 2
178 
182 
-0.320000 16
0 2
252 
323 
1 5
39 
47 
86 
88 
220 
2 4
7 
30 
163 
317 
3 2
76 
233 
4 1
231 
6 2
123 
368 
8 1
31 
9 2
114 
163 
10 2
51 
120 
12 4
109 
186 
267 
281 
14 2
161 
284 
15 3
83 
118 
395 
16 3
97 
217 
383 
17 5
159 
275 
328 
333 
337 
18 2
180 
287 
19 3
111 
116 
173 
-0.690000 1
2 1
114 
0.510000 6
4 1
387 
13 1
179 
14 1
295 
15 1
183 
16 1
345 
17 1
347 
0.130000 20
0 5
64 
115 
122 
130 
206 
1 4
0 
97 
131 
345 
2 5
28 
51 
60 
274 
326 
3 3
2 
22 
130 
4 6
47 
78 
166 
361 
380 
391 
5 7
145 
197 
211 
237 
279 
324 
344 
6 4
48 
92 
103 
306 
7 2
66 
365 
8 6
22 
169 
214 
255 
314 
340 
9 5
132 
192 
207 
244 
346 
10 6
23 
150 
151 
185 
198 
210 
11 4
2 
38 
57 
332 
12 4
171 
252 
307 
399 
13 7
35 
67 
72 
121 
153 
311 
394 
14 9
26 
72 
124 
126 
179 
253 
285 
349 
383 
15 7
25 
127 
160 
229 
290 
293 
309 
16 8
27 
57 
58 
59 
100 
201 
224 
284 
17 5
65 
198 
211 
217 
397 
18 8
14 
129 
149 
164 
239 
323 
372 
377 
19 7
10 
27 
39 
145 
161 
261 
289 
0.310000 14
0 2
30 
351 
1 1
172 
3 1
201 
4 1
279 
5 3
59 
234 
271 
7 5
1 
99 
184 
283 
354 
8 1
129 
9 2
38 
302 
10 1
245 
15 2
299 
324 
16 4
103 
149 
225 
270 
17 1
130 
18 1
7 
19 1
207 
-0.220000 20
0 1
190 
1 3
46 
210 
222 
2 4
10 
14 
118 
280 
3 4
39 
142 
212 
251 
4 3
72 
290 
365 
5 2
101 
283 
6 6
28 
80 
117 
192 
262 
352 
7 1
361 
8 6
36 
41 
187 
192 
272 
356 
9 4
49 
179 
228 
267 
10 5
65 
122 
158 
342 
367 
11 2
264 
355 
12 2
21 
310 
13 3
201 
229 
284 
14 5
115 
142 
168 
328 
368 
15 4
12 
106 
233 
260 
16 5
25 
191 
227 
293 
334 
17 8
9 
10 
16 
43 
56 
189 
316 
357 
18 4
16 
170 
175 
242 
19 4
60 
241 
258 
264 
-0.730000 1
8 1
132 
-0.090000 20
0 9
70 
81 
92 
94 
129 
153 
170 
233 
375 
1 11
8 
22 
99 
123 
135 
144 
147 
148 
162 
229 
353 
2 7
35 
136 
211 
245 
258 
337 
341 
3 11
21 
78 
82 
104 
221 
237 
246 
247 
261 
263 
301 
4 8
16 
18 
25 
120 
133 
147 
169 
353 
5 13
6 
134 
137 
175 
177 
178 
179 
182 
248 
274 
339 
355 
398 
6 7
33 
213 
228 
248 
360 
362 
365 
7 7
52 
62 
96 
101 
103 
147 
227 
8 12
78 
85 
153 
161 
217 
228 
236 
281 
290 
324 
382 
390 
9 7
235 
243 
248 
363 
376 
377 
391 
10 6
38 
125 
128 
207 
306 
328 
11 6
48 
108 
213 
247 
253 
317 
12 7
73 
92 
172 
198 
207 
246 
295 
13 9
77 
81 
95 
124 
163 
172 
260 
275 
336 
14 5
50 
238 
276 
334 
366 
15 10
0 
4 
10 
18 
167 
254 
281 
291 
357 
377 
16 4
188 
305 
343 
368 
17 7
94 
122 
156 
193 
214 
263 
380 
18 7
67 
115 
153 
209 
303 
308 
315 
19 11
78 
107 
112 
147 
157 
160 
221 
237 
286 
335 
353 
0.560000 1
19 1
37 
0.110000 20
0 7
25 
27 
31 
52 
55 
209 
227 
1 5
117 
198 
271 
365 
370 
2 11
46 
67 
96 
100 
177 
278 
306 
321 
332 
379 
382 
3 6
26 
77 
196 
209 
232 
258 
4 11
0 
49 
100 
106 
161 
197 
261 
293 
332 
333 
396 
5 11
19 
33 
76 
174 
191 
217 
219 
221 
223 
328 
397 
6 9
10 
93 
111 
158 
211 
309 
329 
339 
349 
7 6
86 
213 
240 
269 
320 
330 
8 8
12 
47 
67 
77 
124 
144 
173 
196 
9 8
154 
182 
195 
284 
345 
351 
355 
360 
10 5
62 
99 
193 
214 
308 
11 6
90 
107 
220 
260 
327 
397 
12 11
7 
75 
83 
116 
134 
188 
200 
231 
371 
373 
377 
13 9
34 
231 
247 
255 
280 
285 
295 
310 
361 
14 5
22 
39 
43 
380 
398 
15 3
77 
188 
222 
16 6
16 
44 
101 
133 
223 
327 
17 2
224 
325 
18 5
103 
279 
289 
351 
380 
19 7
54 
85 
243 
296 
299 
306 
372 
-0.310000 16
0 3
108 
165 
386 
1 1
246 
3 3
6 
161 
239 
4 4
58 
108 
316 
343 
5 1
362 
6 3
23 
32 
83 
7 4
56 
58 
211 
314 
8 1
43 
9 4
216 
263 
340 
373 
12 1
23 
14 2
197 
332 
15 2
63 
368 
16 5
41 
120 
182 
290 
394 
17 3
155 
282 
352 
18 1
33 
19 2
361 
386 
0.720000 1
9 1
326 
0.090000 20
0 9
37 
65 
109 
120 
152 
207 
298 
306 
343 
1 8
3 
31 
66 
118 
195 
302 
349 
366 
2 4
247 
304 
305 
351 
3 7
8 
25 
69 
170 
340 
378 
395 
4 8
51 
115 
139 
150 
152 
155 
171 
394 
5 5
44 
252 
319 
323 
374 
6 7
29 
37 
77 
110 
151 
152 
264 
7 8
0 
33 
129 
142 
235 
301 
305 
353 
8 5
119 
166 
168 
260 
399 
9 4
8 
56 
90 
380 
10 11
15 
43 
109 
144 
200 
248 
285 
297 
321 
343 
351 
11 11
10 
45 
77 
120 
132 
150 
167 
206 
241 
348 
364 
12 6
31 
85 
90 
290 
296 
329 
13 8
7 
16 
26 
79 
210 
225 
235 
373 
14 4
59 
101 
251 
323 
15 6
137 
175 
288 
310 
332 
349 
16 9
63 
134 
138 
179 
198 
266 
267 
275 
356 
17 4
7 
274 
289 
399 
18 7
4 
41 
48 
127 
206 
280 
294 
19 9
33 
59 
171 
232 
269 
284 
305 
368 
390 
-0.130000 20
0 5
66 
111 
160 
174 
364 
1 12
41 
44 
51 
89 
108 
177 
194 
256 
284 
317 
323 
358 
2 8
12 
23 
130 
200 
208 
273 
360 
393 
3 5
10 
31 
57 
72 
350 
4 3
34 
270 
321 
5 9
46 
79 
123 
135 
141 
213 
310 
334 
370 
6 9
27 
31 
122 
162 
231 
275 
353 
366 
396 
7 10
109 
125 
145 
168 
170 
193 
224 
255 
256 
358 
8 8
95 
165 
218 
252 
263 
295 
376 
381 
9 10
6 
16 
55 
65 
80 
81 
298 
323 
368 
390 
10 8
68 
201 
217 
229 
230 
237 
290 
373 
11 5
32 
152 
282 
297 
301 
12 2
312 
362 
13 8
41 
74 
84 
134 
144 
214 
219 
334 
14 5
107 
127 
165 
213 
257 
15 11
47 
55 
92 
105 
148 
168 
212 
221 
240 
251 
380 
16 7
32 
158 
187 
222 
231 
273 
278 
17 9
35 
52 
92 
110 
114 
136 
346 
359 
360 
18 5
72 
274 
301 
381 
399 
19 9
17 
28 
65 
75 
140 
155 
169 
179 
348 
0.440000 5
0 2
184 
282 
9 1
285 
3 2
70 
265 
12 1
229 
14 1
254 
0.670000 1
17 1
170 
-0.510000 3
11 1
188 
3 3
88 
132 
143 
6 2
287 
341 
0.040000 20
0 6
15 
128 
199 
236 
259 
312 
1 12
49 
58 
100 
137 
209 
213 
254 
287 
339 
379 
386 
392 
2 6
182 
209 
262 
287 
346 
386 
3 11
20 
46 
73 
81 
102 
181 
195 
218 
321 
333 
341 
4 4
67 
187 
246 
265 
5 10
1 
14 
27 
30 
188 
209 
291 
304 
335 
372 
6 9
36 
52 
100 
115 
188 
190 
215 
219 
305 
7 16
39 
45 
73 
102 
115 
155 
219 
232 
246 
248 
278 
294 
322 
328 
360 
375 
8 15
25 
52 
54 
80 
103 
123 
157 
198 
206 
249 
317 
342 
344 
378 
393 
9 5
17 
149 
172 
180 
201 
10 11
41 
80 
100 
101 
169 
184 
186 
194 
220 
240 
338 
11 9
20 
63 
91 
94 
103 
106 
136 
226 
331 
12 12
57 
110 
137 
146 
149 
170 
176 
202 
232 
289 
320 
368 
13 14
10 
39 
54 
76 
155 
166 
169 
171 
216 
218 
221 
250 
323 
325 
14 13
19 
31 
36 
46 
52 
91 
121 
208 
242 
304 
373 
386 
387 
15 8
26 
67 
94 
96 
144 
225 
238 
352 
16 7
66 
128 
154 
246 
259 
353 
375 
17 7
41 
171 
200 
236 
244 
294 
326 
18 7
135 
139 
255 
271 
312 
365 
382 
19 6
0 
101 
146 
225 
301 
328 
-0.430000 10
2 1
164 
3 1
93 
4 1
324 
6 1
342 
7 2
64 
163 
8 1
82 
15 3
119 
242 
271 
16 1
119 
18 1
192 
19 1
370 
-0.070000 20
0 6
46 
226 
331 
345 
373 
391 
1 11
98 
102 
127 
233 
234 
239 
255 
278 
282 
312 
322 
2 5
52 
127 
175 
292 
300 
3 11
19 
91 
115 
205 
242 
272 
274 
282 
311 
360 
371 
4 10
71 
127 
132 
138 
143 
245 
250 
287 
351 
357 
5 10
10 
37 
58 
95 
133 
136 
201 
228 
246 
367 
6 10
34 
38 
82 
207 
208 
226 
301 
325 
382 
399 
7 4
4 
15 
263 
298 
8 7
9 
74 
110 
201 
253 
346 
362 
9 9
23 
27 
42 
53 
159 
211 
246 
300 
333 
10 11
10 
34 
40 
52 
66 
188 
202 
333 
334 
392 
393 
11 13
54 
109 
113 
185 
215 
224 
261 
283 
302 
307 
319 
354 
372 
12 10
38 
164 
185 
187 
266 
318 
326 
353 
361 
396 
13 12
31 
50 
71 
122 
142 
185 
195 
207 
228 
254 
340 
360 
14 7
27 
51 
64 
195 
202 
268 
342 
15 8
52 
65 
72 
90 
157 
182 
208 
258 
16 4
5 
70 
130 
247 
17 11
25 
51 
106 
113 
146 
225 
238 
260 
267 
334 
362 
18 12
11 
60 
66 
102 
146 
154 
168 
185 
223 
224 
233 
386 
19 12
62 
113 
121 
190 
209 
265 
268 
291 
352 
355 
379 
394 
-0.030000 20
0 10
32 
44 
97 
106 
232 
243 
287 
289 
338 
378 
1 16
72 
75 
78 
191 
202 
237 
257 
258 
260 
275 
276 
335 
337 
343 
354 
385 
2 8
44 
125 
162 
204 
248 
256 
312 
343 
3 11
1 
23 
24 
66 
105 
238 
249 
256 
269 
318 
338 
4 13
39 
43 
44 
88 
164 
202 
215 
216 
222 
244 
251 
272 
292 
5 10
35 
77 
132 
143 
147 
198 
202 
220 
231 
296 
6 15
0 
19 
50 
101 
106 
119 
251 
252 
253 
257 
263 
289 
294 
364 
377 
7 9
110 
144 
160 
229 
251 
307 
310 
386 
398 
8 12
17 
24 
30 
70 
75 
127 
134 
215 
258 
278 
303 
355 
9 6
20 
98 
136 
160 
233 
281 
10 8
7 
70 
177 
223 
266 
325 
347 
390 
11 21
8 
9 
17 
59 
76 
81 
148 
157 
209 
214 
237 
262 
263 
268 
270 
326 
359 
374 
377 
391 
395 
12 7
56 
192 
199 
213 
262 
309 
341 
13 11
30 
118 
137 
203 
239 
241 
251 
270 
304 
355 
391 
14 9
54 
87 
146 
163 
229 
286 
306 
352 
357 
15 10
8 
27 
140 
161 
163 
191 
280 
303 
336 
363 
16 7
64 
76 
92 
124 
244 
355 
377 
17 7
23 
85 
194 
322 
344 
368 
385 
18 11
5 
121 
147 
171 
207 
264 
266 
298 
334 
354 
374 
19 12
13 
19 
24 
43 
51 
86 
128 
178 
215 
240 
319 
396 
0.790000 1
13 1
189 
0.450000 7
1 1
26 
2 1
281 
3 2
131 
136 
7 1
44 
13 1
184 
16 1
109 
17 1
172 
-0.150000 20
0 7
1 
10 
138 
157 
216 
320 
398 
1 7
133 
243 
247 
280 
289 
369 
373 
2 8
47 
59 
109 
167 
218 
229 
291 
333 
3 3
156 
288 
380 
4 6
32 
102 
114 
214 
369 
379 
5 5
263 
267 
269 
285 
393 
6 6
201 
202 
249 
280 
346 
351 
7 6
11 
46 
257 
319 
331 
396 
8 1
126 
9 8
41 
59 
100 
150 
242 
331 
364 
378 
10 6
76 
97 
133 
244 
302 
387 
11 8
46 
79 
146 
159 
281 
292 
298 
386 
12 8
13 
15 
150 
270 
287 
323 
359 
378 
13 6
106 
138 
143 
298 
317 
342 
14 7
153 
211 
255 
309 
330 
364 
397 
15 7
17 
43 
135 
136 
141 
277 
304 
16 3
196 
311 
332 
17 10
4 
15 
50 
112 
151 
153 
277 
315 
363 
396 
18 8
44 
69 
71 
96 
151 
166 
218 
342 
19 5
1 
66 
126 
174 
365 
-0.300000 19
0 2
103 
284 
1 1
245 
2 6
57 
119 
166 
196 
225 
359 
3 3
43 
134 
199 
4 1
381 
5 1
5 
6 5
89 
94 
223 
281 
390 
7 1
150 
9 4
60 
112 
215 
234 
10 1
56 
11 3
97 
178 
197 
12 2
66 
100 
13 3
93 
128 
303 
14 5
111 
260 
277 
282 
288 
15 5
23 
51 
205 
264 
282 
16 1
60 
17 5
18 
176 
281 
287 
358 
18 2
39 
98 
19 1
380 
-0.400000 12
0 1
318 
1 2
16 
80 
2 1
231 
3 1
392 
4 2
131 
291 
5 1
260 
7 2
107 
394 
8 1
143 
9 2
184 
353 
11 2
41 
193 
15 1
102 
19 1
176 
0.330000 16
0 2
83 
290 
1 1
303 
2 2
24 
370 
3 2
100 
342 
5 1
345 
6 1
130 
7 1
186 
8 1
394 
9 2
271 
348 
10 1
30 
11 1
39 
12 1
37 
14 2
4 
44 
15 1
111 
16 1
56 
18 1
228 
-0.210000 20
0 5
251 
261 
279 
283 
329 
1 5
83 
91 
183 
187 
250 
2 4
85 
180 
230 
272 
3 7
184 
189 
234 
262 
294 
364 
391 
4 5
113 
136 
233 
240 
268 
5 5
61 
232 
273 
284 
318 
6 6
310 
311 
315 
318 
322 
386 
7 3
68 
130 
172 
8 6
226 
237 
267 
283 
289 
363 
9 6
1 
34 
62 
63 
161 
204 
10 5
55 
121 
142 
145 
156 
11 3
86 
87 
242 
12 4
19 
142 
322 
358 
13 1
104 
14 4
66 
114 
212 
289 
15 5
54 
101 
206 
286 
392 
16 7
19 
35 
165 
213 
240 
241 
325 
17 6
58 
124 
143 
183 
259 
345 
18 2
51 
152 
19 4
25 
56 
188 
277 
-0.080000 20
0 9
96 
134 
162 
188 
211 
217 
219 
231 
258 
1 9
43 
105 
109 
149 
176 
238 
262 
266 
281 
2 11
81 
83 
99 
151 
161 
165 
212 
217 
286 
316 
384 
3 7
49 
155 
202 
243 
273 
310 
396 
4 9
112 
154 
157 
168 
207 
227 
345 
356 
374 
5 7
18 
53 
148 
244 
253 
356 
379 
6 8
12 
45 
66 
177 
187 
271 
300 
369 
7 8
118 
128 
177 
180 
221 
244 
249 
376 
8 6
105 
111 
155 
265 
282 
338 
9 6
18 
19 
40 
247 
318 
384 
10 10
1 
12 
113 
231 
243 
279 
282 
289 
330 
379 
11 15
23 
67 
95 
99 
116 
163 
172 
181 
272 
287 
296 
336 
350 
373 
375 
12 6
28 
141 
217 
219 
249 
313 
13 11
69 
88 
139 
224 
245 
272 
286 
296 
306 
347 
395 
14 8
11 
12 
17 
83 
135 
155 
210 
236 
15 13
5 
29 
75 
115 
162 
181 
198 
203 
207 
214 
235 
344 
393 
16 10
34 
155 
178 
235 
239 
242 
251 
299 
301 
369 
17 13
27 
66 
78 
95 
167 
178 
209 
243 
262 
268 
317 
376 
386 
18 11
38 
85 
89 
114 
119 
141 
236 
245 
317 
335 
346 
19 8
83 
95 
105 
164 
213 
245 
323 
331 
0.530000 3
16 1
51 
18 1
262 
19 1
154 
0.570000 1
9 1
327 
0.230000 17
0 1
38 
1 4
112 
224 
316 
377 
3 4
4 
165 
187 
399 
4 3
10 
26 
28 
5 2
21 
399 
6 2
135 
259 
7 5
20 
43 
95 
349 
392 
8 2
204 
247 
9 4
51 
133 
134 
272 
10 2
205 
377 
12 8
32 
53 
124 
159 
204 
237 
369 
382 
13 2
197 
359 
14 3
48 
175 
244 
16 2
43 
220 
17 3
34 
149 
174 
18 1
155 
19 4
123 
153 
244 
338 
-0.290000 19
1 4
129 
138 
241 
248 
2 1
313 
3 5
85 
122 
128 
137 
244 
4 4
33 
118 
281 
304 
5 3
157 
343 
381 
6 2
30 
181 
7 4
82 
157 
158 
293 
8 3
48 
93 
238 
9 1
48 
10 2
136 
380 
11 1
183 
12 4
17 
71 
239 
277 
13 3
117 
302 
351 
14 4
61 
129 
167 
171 
15 5
32 
33 
68 
71 
328 
16 3
36 
81 
339 
17 2
12 
150 
18 2
193 
341 
19 3
84 
192 
234 
-0.340000 13
0 1
392 
2 1
373 
4 2
141 
318 
5 2
187 
342 
6 2
217 
286 
7 2
309 
341 
9 2
5 
389 
11 1
198 
12 1
305 
14 3
118 
133 
136 
15 3
58 
274 
398 
17 1
11 
18 3
34 
251 
254 
0.020000 20
0 9
16 
90 
145 
168 
198 
242 
260 
310 
314 
1 10
79 
110 
114 
124 
168 
173 
217 
301 
310 
332 
2 10
29 
95 
131 
176 
188 
242 
347 
350 
385 
398 
3 5
12 
32 
248 
368 
376 
4 8
42 
74 
163 
186 
204 
224 
235 
309 
5 11
62 
63 
121 
131 
196 
240 
243 
259 
300 
347 
358 
6 11
1 
102 
145 
148 
209 
238 
256 
268 
296 
307 
345 
7 6
126 
162 
279 
297 
323 
335 
8 13
46 
53 
79 
90 
177 
178 
220 
305 
319 
327 
348 
365 
370 
9 3
332 
352 
379 
10 5
57 
71 
162 
219 
299 
11 14
27 
35 
66 
222 
230 
231 
277 
299 
316 
320 
322 
330 
358 
398 
12 6
4 
77 
80 
218 
291 
297 
13 8
0 
18 
22 
42 
167 
170 
196 
211 
14 18
32 
40 
68 
78 
86 
98 
99 
103 
154 
190 
217 
252 
264 
271 
294 
341 
374 
395 
15 8
84 
133 
186 
244 
279 
337 
355 
388 
16 11
125 
228 
258 
265 
281 
323 
326 
338 
350 
360 
385 
17 7
22 
45 
84 
239 
248 
265 
389 
18 12
19 
25 
78 
133 
222 
235 
256 
329 
332 
364 
373 
395 
19 11
3 
42 
120 
127 
143 
183 
238 
271 
276 
333 
367 
-0.120000 20
0 12
2 
33 
61 
71 
86 
126 
154 
193 
195 
223 
239 
395 
1 8
30 
128 
139 
277 
348 
368 
374 
390 
2 8
41 
91 
126 
150 
279 
294 
318 
378 
3 9
67 
116 
118 
240 
308 
316 
324 
359 
369 
4 4
73 
92 
96 
255 
5 5
66 
155 
159 
218 
377 
6 5
21 
73 
245 
343 
388 
7 9
16 
41 
67 
77 
146 
152 
236 
306 
393 
8 7
6 
7 
115 
156 
175 
188 
213 
9 8
11 
119 
129 
214 
220 
237 
358 
387 
10 5
218 
257 
309 
358 
383 
11 8
31 
123 
199 
243 
285 
286 
310 
384 
12 8
46 
125 
293 
303 
308 
321 
367 
388 
13 7
32 
73 
87 
181 
279 
289 
319 
14 7
58 
110 
158 
233 
343 
360 
367 
15 10
15 
48 
123 
128 
152 
164 
273 
365 
372 
389 
16 5
205 
292 
322 
347 
367 
17 6
3 
54 
63 
203 
207 
269 
18 8
43 
65 
95 
107 
197 
302 
340 
369 
19 10
92 
163 
175 
177 
194 
199 
217 
218 
229 
388 
0.390000 7
3 2
337 
351 
4 1
82 
5 2
327 
392 
7 1
368 
12 1
387 
18 2
247 
257 
19 1
38 
0.340000 12
0 1
204 
1 1
227 
2 1
213 
5 1
346 
6 4
47 
62 
98 
235 
7 2
348 
399 
9 1
101 
11 1
240 
14 1
223 
15 1
313 
16 3
122 
180 
324 
19 1
345 
-0.410000 14
0 1
186 
2 1
64 
5 3
112 
305 
376 
6 1
277 
7 1
342 
8 1
94 
9 2
336 
337 
11 1
1 
12 1
18 
13 2
328 
333 
14 1
191 
16 1
131 
18 1
142 
19 1
381 
-0.180000 20
0 11
36 
45 
89 
116 
137 
161 
228 
296 
328 
372 
390 
1 8
13 
84 
87 
90 
215 
221 
242 
298 
2 8
42 
68 
153 
216 
228 
288 
328 
335 
3 4
52 
229 
278 
290 
4 8
107 
142 
205 
209 
258 
275 
366 
395 
5 11
8 
48 
98 
176 
193 
212 
268 
287 
317 
383 
390 
6 6
22 
81 
118 
133 
149 
292 
7 5
49 
51 
55 
97 
350 
8 5
38 
86 
227 
268 
284 
9 15
77 
113 
131 
140 
153 
156 
157 
190 
210 
230 
277 
310 
314 
320 
338 
10 7
37 
50 
119 
127 
166 
183 
250 
11 4
44 
96 
211 
227 
12 2
147 
338 
13 3
78 
152 
222 
14 8
56 
71 
263 
281 
331 
337 
347 
353 
15 6
11 
108 
155 
173 
287 
399 
16 3
116 
209 
329 
17 4
67 
164 
308 
370 
18 8
50 
58 
91 
108 
190 
215 
277 
330 
19 4
168 
184 
263 
287 
0.600000 1
2 1
282 
0.470000 4
19 1
297 
1 1
60 
3 1
86 
4 1
334 
-0.140000 20
0 11
34 
141 
176 
200 
208 
221 
222 
253 
295 
333 
357 
1 4
120 
313 
381 
399 
2 14
6 
18 
21 
22 
25 
43 
48 
80 
168 
234 
252 
271 
349 
364 
3 6
37 
56 
219 
336 
347 
397 
4 10
80 
81 
103 
121 
122 
174 
314 
319 
362 
364 
5 5
162 
286 
325 
364 
369 
6 4
87 
163 
176 
335 
7 5
47 
181 
198 
228 
264 
8 3
81 
100 
193 
9 8
10 
15 
85 
141 
151 
167 
202 
294 
10 4
31 
157 
311 
315 
11 11
11 
24 
118 
174 
210 
246 
250 
290 
321 
333 
396 
12 7
105 
114 
163 
190 
282 
292 
298 
13 9
46 
127 
135 
151 
190 
265 
287 
326 
364 
14 4
148 
159 
170 
256 
15 8
35 
59 
64 
153 
218 
231 
257 
270 
16 4
137 
152 
291 
364 
17 9
21 
111 
133 
254 
255 
283 
306 
335 
336 
18 7
26 
80 
117 
143 
169 
326 
392 
19 8
76 
89 
106 
131 
193 
204 
350 
362 
-0.190000 20
0 6
4 
7 
88 
185 
256 
380 
1 11
6 
18 
40 
57 
140 
169 
240 
251 
314 
319 
364 
2 2
220 
338 
3 2
51 
101 
4 5
41 
140 
286 
377 
398 
5 6
100 
125 
130 
168 
225 
281 
6 1
239 
7 4
17 
29 
273 
290 
8 5
18 
33 
40 
352 
398 
9 1
99 
10 11
16 
118 
130 
143 
159 
170 
175 
251 
256 
329 
372 
11 6
85 
129 
275 
306 
312 
337 
12 3
16 
216 
351 
13 3
37 
271 
365 
14 7
53 
108 
203 
287 
344 
362 
369 
15 4
19 
174 
227 
339 
16 6
68 
166 
186 
361 
384 
395 
17 8
13 
80 
93 
129 
166 
276 
278 
286 
18 6
88 
116 
118 
172 
188 
398 
19 8
5 
21 
57 
104 
187 
326 
351 
360 
-0.020000 20
0 7
180 
218 
224 
240 
246 
340 
349 
1 16
5 
36 
64 
164 
165 
190 
207 
279 
285 
320 
331 
336 
340 
341 
383 
387 
2 5
31 
132 
189 
226 
377 
3 16
27 
59 
109 
112 
175 
203 
214 
235 
268 
280 
287 
319 
326 
332 
358 
387 
4 8
36 
128 
149 
193 
200 
236 
359 
373 
5 4
9 
73 
208 
233 
6 6
49 
120 
153 
203 
269 
283 
7 7
7 
9 
42 
173 
175 
296 
302 
8 11
19 
26 
68 
104 
158 
245 
250 
331 
332 
333 
341 
9 9
78 
104 
118 
146 
155 
185 
199 
276 
334 
10 11
20 
36 
72 
75 
78 
146 
180 
258 
269 
301 
346 
11 12
29 
72 
98 
115 
121 
147 
205 
248 
271 
293 
344 
368 
12 10
25 
41 
119 
136 
183 
189 
260 
334 
339 
391 
13 6
92 
159 
180 
202 
206 
315 
14 12
80 
81 
93 
204 
207 
248 
273 
302 
303 
329 
354 
365 
15 6
89 
226 
247 
297 
369 
379 
16 11
3 
24 
42 
113 
170 
177 
204 
272 
306 
316 
387 
17 13
49 
108 
126 
131 
135 
140 
148 
215 
235 
261 
266 
301 
369 
18 10
105 
124 
137 
194 
305 
310 
350 
367 
368 
390 
19 11
29 
80 
96 
124 
142 
206 
281 
288 
294 
347 
384 
-0.630000 2
2 1
63 
3 1
361 
0.350000 11
1 1
156 
2 3
92 
241 
363 
4 1
248 
6 2
96 
164 
7 1
304 
9 1
187 
12 1
379 
14 3
41 
96 
185 
16 4
151 
282 
283 
319 
17 2
232 
350 
18 2
12 
299 
0.700000 1
0 1
87 
-0.200000 20
0 7
3 
131 
133 
317 
322 
348 
366 
1 4
93 
134 
363 
382 
2 10
13 
101 
135 
171 
173 
224 
261 
308 
367 
374 
3 2
44 
348 
4 5
8 
181 
201 
252 
349 
5 4
119 
192 
238 
295 
6 5
65 
138 
216 
229 
387 
7 7
59 
81 
85 
171 
194 
199 
295 
8 2
13 
39 
9 7
0 
200 
203 
229 
254 
255 
266 
10 7
63 
81 
86 
132 
161 
238 
255 
11 3
84 
153 
343 
12 7
64 
175 
250 
280 
306 
348 
383 
13 9
45 
68 
70 
99 
209 
281 
292 
376 
380 
14 2
6 
150 
15 5
39 
200 
283 
300 
391 
16 9
18 
39 
214 
232 
236 
277 
304 
308 
371 
17 8
19 
75 
119 
123 
158 
162 
177 
395 
18 7
99 
113 
167 
240 
283 
309 
396 
19 5
52 
117 
195 
259 
374 
-0.050000 20
0 6
39 
54 
58 
123 
124 
148 
1 13
19 
56 
68 
74 
115 
203 
204 
232 
236 
342 
355 
371 
375 
2 11
4 
49 
54 
56 
75 
142 
149 
169 
237 
394 
397 
3 8
7 
15 
121 
224 
279 
343 
352 
362 
4 9
6 
23 
172 
257 
274 
297 
338 
342 
348 
5 10
16 
156 
165 
172 
255 
292 
299 
314 
330 
384 
6 6
17 
161 
169 
337 
355 
380 
7 7
10 
79 
148 
188 
247 
321 
380 
8 7
106 
139 
160 
171 
234 
285 
307 
9 5
21 
58 
198 
236 
395 
10 9
21 
48 
64 
67 
87 
215 
260 
298 
385 
11 15
30 
47 
52 
58 
82 
134 
162 
266 
279 
288 
315 
352 
356 
388 
394 
12 18
3 
27 
55 
79 
98 
115 
133 
156 
168 
177 
215 
248 
284 
294 
314 
315 
319 
366 
13 5
129 
173 
273 
343 
366 
14 14
9 
131 
140 
147 
149 
241 
258 
269 
293 
299 
314 
326 
327 
396 
15 6
14 
116 
126 
239 
245 
252 
16 11
1 
94 
102 
121 
142 
253 
254 
264 
336 
358 
363 
17 9
6 
48 
97 
98 
157 
205 
218 
311 
324 
18 16
55 
70 
101 
109 
110 
122 
125 
126 
138 
173 
214 
219 
259 
320 
355 
361 
19 13
55 
82 
91 
135 
156 
198 
252 
255 
272 
295 
327 
332 
344 
0.080000 20
0 4
114 
147 
268 
370 
1 10
14 
155 
197 
211 
231 
264 
305 
350 
380 
391 
2 5
39 
199 
253 
283 
322 
3 8
14 
222 
253 
264 
299 
345 
363 
367 
4 10
70 
191 
303 
307 
311 
337 
363 
375 
388 
397 
5 6
85 
89 
180 
184 
329 
380 
6 14
2 
6 
9 
14 
56 
75 
86 
109 
197 
326 
330 
357 
379 
389 
7 10
23 
122 
167 
179 
230 
245 
261 
280 
311 
391 
8 12
120 
146 
150 
207 
254 
271 
279 
286 
306 
316 
347 
396 
9 3
67 
143 
375 
10 7
92 
139 
164 
232 
254 
304 
327 
11 11
53 
68 
126 
133 
135 
141 
165 
228 
361 
393 
399 
12 12
2 
10 
42 
84 
111 
122 
144 
205 
238 
251 
342 
344 
13 15
5 
15 
20 
21 
156 
187 
194 
233 
258 
261 
305 
316 
341 
356 
381 
14 11
14 
38 
49 
125 
145 
209 
214 
246 
249 
308 
317 
15 5
99 
134 
143 
220 
354 
16 6
38 
174 
245 
331 
344 
376 
17 7
60 
168 
180 
192 
219 
247 
354 
18 9
17 
131 
136 
200 
226 
237 
384 
393 
397 
19 5
248 
253 
340 
369 
378 
0.240000 19
0 3
35 
277 
297 
1 4
50 
175 
328 
378 
2 3
104 
227 
276 
3 3
103 
120 
377 
4 4
79 
83 
99 
196 
5 4
210 
216 
354 
357 
6 5
43 
132 
160 
183 
299 
7 6
26 
80 
166 
325 
332 
352 
8 3
5 
299 
320 
9 1
3 
10 6
106 
190 
196 
239 
272 
276 
11 1
122 
12 2
195 
226 
13 4
49 
113 
353 
392 
14 1
24 
15 2
219 
340 
16 4
52 
72 
75 
349 
17 2
186 
377 
18 1
77 
-0.270000 19
0 5
127 
220 
347 
376 
385 
2 4
58 
69 
172 
296 
3 3
34 
178 
194 
4 5
31 
125 
126 
232 
347 
5 2
105 
301 
6 3
18 
165 
291 
7 4
12 
176 
326 
362 
8 2
231 
294 
9 4
262 
289 
339 
365 
10 3
221 
265 
371 
11 1
309 
12 3
6 
74 
276 
13 3
174 
282 
301 
14 3
137 
172 
192 
15 5
172 
213 
216 
259 
266 
16 1
82 
17 4
14 
17 
154 
160 
18 3
217 
243 
321 
19 2
356 
357 
-0.420000 10
1 1
182 
2 2
11 
342 
3 1
83 
4 1
130 
5 3
111 
338 
382 
7 3
106 
316 
318 
8 1
142 
13 1
313 
15 2
6 
87 
16 1
389 
-0.670000 3
3 1
138 
5 1
306 
7 1
313 
0.070000 20
0 14
22 
40 
56 
68 
104 
119 
121 
125 
135 
169 
194 
225 
270 
288 
1 8
9 
54 
95 
200 
214 
259 
297 
344 
2 6
15 
97 
143 
174 
223 
348 
3 10
9 
80 
84 
119 
173 
216 
305 
306 
330 
393 
4 4
56 
249 
327 
371 
5 12
57 
69 
92 
102 
171 
195 
204 
247 
321 
322 
348 
349 
6 8
4 
195 
254 
279 
290 
293 
323 
374 
7 11
5 
36 
53 
104 
226 
267 
340 
356 
357 
378 
397 
8 7
61 
72 
84 
163 
216 
337 
386 
9 4
14 
36 
66 
102 
10 12
24 
46 
124 
134 
189 
249 
253 
281 
317 
352 
360 
382 
11 13
37 
73 
111 
114 
138 
142 
168 
229 
234 
269 
274 
323 
341 
12 7
58 
82 
113 
155 
233 
263 
268 
13 8
1 
6 
36 
161 
240 
266 
332 
335 
14 11
7 
10 
34 
75 
130 
160 
221 
243 
298 
311 
394 
15 6
80 
142 
195 
228 
322 
347 
16 10
17 
22 
73 
129 
163 
185 
192 
200 
249 
346 
17 9
199 
204 
251 
256 
292 
295 
300 
302 
375 
18 10
162 
208 
238 
248 
265 
357 
359 
366 
371 
383 
19 10
50 
63 
115 
122 
172 
224 
247 
266 
318 
334 
0.620000 1
3 1
357 
0.180000 19
0 4
100 
172 
265 
359 
1 1
92 
2 3
0 
112 
203 
3 6
123 
141 
191 
344 
346 
390 
4 3
65 
188 
384 
5 8
0 
24 
64 
150 
152 
185 
320 
389 
6 6
61 
204 
298 
308 
332 
378 
7 3
366 
369 
395 
8 6
140 
240 
259 
296 
315 
388 
9 8
25 
107 
128 
144 
188 
257 
341 
342 
10 5
42 
85 
107 
275 
312 
11 3
49 
145 
259 
13 3
12 
162 
387 
14 6
3 
47 
95 
215 
230 
313 
15 5
30 
121 
147 
318 
385 
16 6
48 
49 
74 
99 
108 
274 
17 4
40 
72 
319 
382 
18 1
201 
19 7
40 
71 
158 
166 
226 
227 
304 
-0.530000 6
0 1
181 
3 1
355 
7 1
388 
8 2
133 
137 
13 1
314 
15 1
41 
-0.110000 20
0 7
173 
175 
183 
191 
234 
280 
315 
1 7
28 
96 
122 
235 
283 
309 
388 
2 5
5 
259 
267 
319 
345 
3 7
47 
65 
113 
167 
271 
303 
356 
4 6
151 
178 
180 
206 
285 
386 
5 6
149 
161 
173 
282 
294 
303 
6 4
222 
224 
273 
344 
7 3
78 
121 
312 
8 5
3 
99 
200 
208 
358 
9 9
117 
125 
170 
175 
209 
241 
261 
349 
392 
10 8
2 
53 
147 
152 
176 
224 
286 
318 
11 4
83 
303 
365 
376 
12 8
61 
81 
104 
138 
336 
356 
385 
389 
13 5
17 
105 
136 
357 
385 
14 7
0 
5 
85 
152 
173 
186 
187 
15 14
24 
31 
60 
69 
146 
192 
193 
268 
301 
307 
366 
373 
375 
383 
16 4
106 
203 
243 
252 
17 7
20 
53 
61 
107 
179 
279 
305 
18 10
29 
37 
56 
111 
191 
216 
291 
363 
391 
394 
19 9
36 
216 
254 
366 
371 
385 
393 
397 
398 
0.540000 5
0 1
281 
12 1
54 
4 1
325 
6 1
295 
7 1
89 
-0.710000 1
13 1
308 
0.160000 19
0 3
12 
203 
271 
1 5
136 
230 
269 
306 
362 
2 3
105 
137 
311 
3 3
42 
126 
168 
4 4
20 
129 
144 
305 
5 7
29 
87 
139 
189 
203 
235 
277 
6 8
107 
127 
147 
194 
218 
241 
328 
338 
7 6
38 
123 
189 
218 
266 
377 
8 3
159 
219 
301 
9 3
96 
106 
252 
10 2
69 
399 
11 3
149 
257 
340 
13 7
19 
176 
205 
213 
237 
248 
384 
14 4
67 
92 
189 
336 
15 5
49 
85 
113 
250 
358 
16 6
54 
62 
107 
144 
210 
370 
17 6
120 
175 
228 
271 
361 
366 
18 5
54 
132 
246 
344 
379 
19 6
67 
97 
99 
292 
293 
346 
-0.800000 1
0 1
182 
0.480000 5
16 1
33 
1 1
55 
12 1
154 
14 1
335 
6 2
159 
354 
0.580000 1
7 1
234 
0.490000 2
0 1
91 
3 1
92 
-0.260000 18
0 6
93 
112 
132 
192 
342 
353 
1 2
17 
158 
2 6
17 
251 
264 
266 
389 
396 
3 3
60 
117 
139 
4 4
90 
182 
226 
263 
5 7
47 
97 
99 
116 
262 
361 
371 
6 2
13 
168 
7 2
327 
389 
8 1
83 
9 4
28 
120 
158 
288 
11 4
43 
154 
219 
291 
12 2
169 
300 
13 6
111 
244 
276 
338 
363 
374 
14 6
60 
65 
134 
156 
193 
261 
15 6
66 
73 
86 
151 
230 
262 
17 5
57 
59 
116 
117 
338 
18 3
165 
174 
311 
19 2
74 
382 
-0.460000 8
2 1
113 
3 1
107 
5 2
311 
312 
8 1
141 
9 1
265 
14 1
116 
16 3
14 
136 
333 
18 1
94 
-0.550000 3
3 1
99 
6 1
316 
7 1
334 
-0.060000 20
0 10
29 
57 
69 
212 
229 
238 
244 
272 
335 
368 
1 13
62 
76 
107 
143 
174 
208 
223 
326 
334 
338 
384 
393 
395 
2 4
106 
155 
219 
334 
3 9
16 
144 
162 
172 
198 
220 
257 
307 
385 
4 9
7 
17 
21 
68 
69 
156 
183 
219 
271 
5 5
78 
94 
138 
154 
387 
6 7
8 
16 
64 
69 
233 
327 
385 
7 11
60 
111 
131 
139 
178 
253 
254 
259 
284 
287 
351 
8 10
56 
114 
116 
122 
130 
162 
176 
225 
280 
375 
9 10
26 
83 
126 
145 
152 
169 
196 
208 
312 
366 
10 11
29 
39 
93 
123 
140 
179 
211 
242 
284 
355 
359 
11 9
13 
19 
33 
80 
173 
223 
367 
378 
392 
12 9
67 
88 
89 
131 
143 
210 
279 
283 
375 
13 13
14 
82 
91 
98 
131 
150 
165 
191 
230 
268 
322 
331 
372 
14 11
18 
77 
89 
132 
228 
232 
234 
322 
325 
358 
359 
15 6
57 
74 
204 
321 
331 
378 
16 7
15 
40 
132 
197 
212 
226 
280 
17 7
55 
77 
99 
105 
163 
340 
391 
18 12
30 
53 
57 
61 
62 
112 
144 
267 
297 
307 
353 
360 
19 10
35 
48 
73 
87 
98 
230 
236 
242 
339 
383 
0.270000 19
0 1
101 
1 3
225 
295 
367 
2 3
1 
26 
371 
3 2
55 
281 
4 1
238 
5 3
40 
278 
351 
6 2
126 
155 
7 1
2 
8 2
29 
389 
9 4
30 
33 
39 
309 
10 1
197 
12 2
35 
59 
13 2
120 
368 
14 1
224 
15 2
178 
296 
16 4
80 
168 
229 
342 
17 1
234 
18 3
229 
260 
272 
19 1
302 
0.320000 15
0 2
356 
360 
2 1
323 
4 1
326 
5 3
224 
245 
250 
6 3
63 
97 
150 
7 3
94 
286 
345 
9 1
174 
10 4
271 
313 
332 
336 
12 1
257 
13 2
259 
367 
15 1
165 
16 1
85 
17 1
74 
18 1
263 
19 2
114 
341 
0.370000 13
0 1
285 
1 2
25 
226 
3 1
40 
5 2
81 
340 
6 1
58 
7 2
25 
124 
8 1
313 
9 4
239 
291 
361 
381 
12 1
259 
13 1
183 
15 1
110 
16 1
287 
19 1
2 
-0.380000 16
0 1
387 
1 2
52 
81 
2 1
158 
5 2
331 
332 
6 2
84 
225 
7 3
291 
333 
381 
8 3
34 
37 
42 
10 2
126 
131 
12 1
102 
13 1
277 
14 1
15 
15 1
359 
16 4
135 
146 
285 
309 
17 1
245 
18 3
27 
28 
90 
19 2
30 
103 
-0.480000 10
0 1
381 
1 1
85 
3 2
94 
386 
6 1
172 
9 1
178 
10 1
141 
16 1
115 
17 1
332 
18 1
186 
19 1
186 
-0.160000 20
0 4
309 
321 
371 
394 
1 10
21 
73 
196 
199 
267 
288 
293 
325 
330 
352 
2 7
32 
33 
86 
197 
210 
243 
244 
3 8
28 
30 
90 
148 
193 
289 
302 
323 
4 5
9 
123 
158 
282 
329 
5 6
67 
109 
110 
309 
365 
378 
6 8
54 
139 
144 
173 
186 
274 
356 
358 
7 10
8 
27 
48 
57 
69 
140 
164 
183 
288 
339 
8 5
4 
8 
128 
182 
323 
9 12
43 
44 
46 
64 
116 
162 
164 
176 
218 
293 
305 
393 
10 10
5 
28 
32 
61 
116 
137 
216 
261 
277 
369 
11 7
3 
16 
280 
300 
314 
325 
335 
12 7
39 
95 
145 
165 
317 
355 
380 
13 5
65 
89 
234 
345 
348 
14 3
105 
206 
361 
15 6
28 
97 
156 
169 
267 
333 
16 7
30 
69 
77 
111 
268 
310 
366 
17 12
0 
62 
64 
132 
145 
161 
165 
182 
208 
339 
351 
393 
18 5
123 
140 
292 
328 
376 
19 12
23 
26 
53 
102 
134 
150 
251 
324 
375 
387 
391 
399 
0.060000 20
0 11
49 
50 
60 
76 
78 
139 
158 
255 
263 
324 
352 
1 5
27 
185 
228 
321 
356 
2 6
2 
61 
148 
221 
270 
380 
3 7
58 
153 
174 
270 
292 
296 
314 
4 14
15 
38 
40 
77 
135 
145 
159 
192 
194 
228 
267 
299 
382 
383 
5 7
65 
166 
169 
199 
258 
272 
293 
6 9
7 
46 
76 
221 
232 
302 
334 
347 
376 
7 10
21 
40 
61 
161 
201 
252 
285 
303 
329 
385 
8 18
14 
35 
55 
57 
63 
107 
135 
221 
261 
270 
277 
321 
325 
336 
353 
372 
395 
397 
9 6
69 
189 
251 
270 
292 
347 
10 8
18 
90 
167 
206 
222 
320 
376 
397 
11 6
34 
64 
137 
144 
207 
273 
12 11
120 
179 
181 
184 
196 
222 
230 
304 
324 
365 
384 
13 7
64 
112 
147 
168 
175 
256 
397 
14 5
8 
177 
200 
247 
324 
15 14
45 
62 
81 
93 
120 
138 
202 
285 
302 
305 
316 
326 
382 
390 
16 7
114 
172 
176 
211 
351 
373 
392 
17 3
96 
115 
390 
18 14
15 
40 
81 
86 
150 
202 
205 
221 
232 
284 
293 
313 
337 
352 
19 6
110 
139 
228 
235 
298 
395 
-0.100000 20
0 6
113 
155 
166 
245 
249 
337 
1 12
1 
103 
104 
132 
181 
193 
205 
216 
261 
324 
376 
397 
2 5
78 
160 
193 
250 
381 
3 5
62 
75 
335 
353 
374 
4 9
13 
24 
52 
63 
97 
117 
203 
276 
280 
5 9
36 
55 
90 
126 
207 
215 
288 
316 
326 
6 8
3 
11 
15 
71 
121 
128 
174 
393 
7 7
136 
197 
207 
222 
237 
346 
370 
8 11
1 
11 
49 
91 
203 
212 
292 
351 
357 
379 
385 
9 10
45 
86 
165 
168 
250 
253 
260 
313 
322 
359 
10 4
77 
226 
314 
389 
11 9
100 
155 
160 
195 
202 
216 
236 
305 
379 
12 12
47 
60 
72 
86 
96 
107 
126 
139 
178 
288 
327 
393 
13 11
43 
83 
110 
126 
145 
199 
223 
236 
242 
307 
344 
14 5
57 
141 
144 
237 
393 
15 11
185 
187 
209 
211 
217 
263 
265 
320 
343 
367 
396 
16 9
23 
46 
169 
181 
237 
238 
294 
390 
393 
17 5
37 
79 
184 
188 
291 
18 9
21 
31 
59 
73 
74 
161 
252 
268 
333 
19 9
47 
58 
125 
129 
152 
182 
205 
278 
283 
