20 500 114
0.250000 18
0 1
80 
1 3
251 
263 
429 
2 1
99 
3 1
112 
4 1
106 
5 1
298 
6 2
276 
339 
7 2
23 
385 
8 2
25 
458 
9 2
125 
346 
10 1
149 
11 4
115 
204 
212 
398 
12 3
242 
384 
431 
13 2
68 
455 
14 1
387 
16 4
58 
218 
300 
397 
17 2
60 
408 
18 1
295 
-0.250000 20
0 1
181 
1 1
411 
2 5
140 
160 
220 
242 
403 
3 4
107 
191 
424 
440 
4 2
117 
228 
5 8
31 
112 
229 
267 
272 
295 
412 
428 
6 6
143 
158 
254 
302 
366 
432 
7 1
491 
8 4
1 
70 
125 
466 
9 3
117 
143 
377 
10 4
81 
118 
161 
175 
11 4
1 
3 
237 
279 
12 7
7 
17 
62 
80 
223 
489 
494 
13 3
142 
276 
446 
14 1
196 
15 3
60 
280 
464 
16 3
168 
204 
479 
17 6
10 
276 
282 
341 
355 
434 
18 3
200 
214 
288 
19 4
0 
181 
192 
301 
0.500000 1
2 1
97 
-0.560000 1
11 1
96 
0.190000 19
0 9
22 
48 
115 
146 
185 
282 
431 
437 
475 
1 4
20 
57 
358 
470 
2 5
234 
349 
388 
391 
401 
3 7
34 
111 
116 
149 
157 
246 
448 
4 4
28 
107 
146 
388 
5 1
82 
6 5
19 
28 
81 
285 
328 
7 1
51 
8 6
154 
198 
217 
297 
333 
395 
10 4
1 
293 
345 
478 
11 4
80 
84 
362 
445 
12 3
77 
207 
427 
13 6
87 
110 
359 
475 
493 
498 
14 6
36 
60 
277 
297 
382 
483 
15 2
229 
349 
16 4
86 
269 
418 
423 
17 4
85 
140 
401 
494 
18 5
124 
170 
368 
416 
464 
19 1
357 
0.060000 20
0 15
19 
32 
47 
98 
116 
163 
191 
197 
212 
238 
254 
339 
413 
433 
474 
1 12
95 
183 
261 
264 
334 
353 
357 
392 
430 
431 
460 
471 
2 10
91 
118 
206 
308 
358 
426 
474 
476 
480 
483 
3 19
37 
89 
150 
156 
171 
212 
314 
316 
318 
327 
350 
351 
381 
388 
432 
442 
443 
447 
451 
4 12
6 
19 
46 
55 
108 
152 
180 
208 
304 
370 
422 
485 
5 9
24 
165 
218 
243 
357 
360 
399 
465 
471 
6 9
39 
62 
89 
120 
164 
199 
230 
252 
495 
7 17
35 
52 
65 
79 
108 
112 
126 
148 
230 
252 
284 
347 
356 
372 
408 
421 
445 
8 9
122 
164 
330 
356 
358 
367 
457 
467 
491 
9 8
145 
197 
219 
231 
239 
307 
335 
351 
10 13
27 
32 
34 
48 
91 
127 
142 
143 
201 
219 
276 
381 
382 
11 8
30 
31 
66 
101 
109 
278 
319 
483 
12 15
8 
15 
45 
81 
89 
131 
155 
180 
252 
289 
306 
337 
350 
355 
483 
13 14
23 
37 
131 
154 
193 
200 
208 
233 
257 
299 
333 
397 
427 
429 
14 8
75 
116 
255 
298 
393 
397 
445 
482 
15 14
4 
10 
107 
158 
203 
245 
299 
305 
346 
364 
388 
408 
430 
455 
16 6
89 
95 
174 
225 
341 
390 
17 12
46 
171 
179 
207 
250 
283 
295 
391 
409 
421 
448 
457 
18 16
13 
36 
114 
126 
182 
223 
250 
284 
306 
339 
356 
362 
363 
378 
398 
461 
19 15
6 
34 
54 
87 
97 
160 
186 
320 
338 
343 
375 
378 
396 
400 
413 
0.490000 1
13 1
150 
-0.750000 1
4 1
462 
0.030000 20
0 14
0 
11 
12 
175 
179 
198 
227 
307 
374 
387 
398 
427 
436 
477 
1 13
44 
79 
103 
122 
128 
156 
172 
174 
287 
302 
387 
425 
448 
2 9
81 
86 
175 
182 
282 
283 
290 
306 
446 
3 10
48 
120 
126 
130 
211 
300 
358 
417 
446 
469 
4 13
18 
33 
44 
66 
100 
162 
209 
225 
321 
424 
433 
492 
498 
5 16
9 
61 
62 
148 
156 
175 
202 
270 
288 
346 
348 
397 
451 
463 
473 
497 
6 12
44 
70 
74 
80 
119 
162 
236 
345 
350 
367 
372 
459 
7 12
25 
71 
135 
146 
153 
178 
278 
399 
404 
440 
453 
479 
8 16
31 
50 
66 
136 
182 
194 
222 
249 
256 
270 
285 
303 
329 
355 
373 
473 
9 13
22 
74 
163 
179 
181 
200 
266 
269 
273 
323 
343 
357 
428 
10 15
39 
74 
101 
182 
204 
274 
294 
316 
330 
380 
383 
388 
403 
438 
458 
11 10
13 
119 
172 
175 
208 
213 
294 
320 
328 
364 
12 12
36 
76 
132 
159 
237 
277 
339 
358 
405 
428 
468 
496 
13 17
86 
117 
164 
168 
196 
198 
203 
213 
245 
290 
293 
336 
338 
383 
392 
460 
499 
14 17
45 
96 
108 
110 
126 
139 
177 
179 
240 
260 
292 
308 
343 
356 
384 
417 
422 
15 12
5 
26 
96 
98 
126 
132 
239 
272 
281 
459 
472 
493 
16 13
25 
44 
78 
94 
197 
210 
262 
271 
279 
353 
472 
481 
485 
17 18
15 
22 
32 
40 
53 
59 
146 
193 
197 
202 
222 
224 
225 
278 
308 
344 
438 
486 
18 16
1 
9 
17 
31 
32 
91 
185 
198 
231 
334 
348 
413 
457 
477 
478 
484 
19 9
151 
159 
168 
189 
199 
328 
335 
397 
418 
0.130000 20
0 4
28 
78 
145 
322 
1 6
92 
203 
241 
375 
458 
464 
2 5
52 
185 
190 
224 
410 
3 12
3 
51 
54 
127 
137 
204 
236 
243 
301 
319 
320 
329 
4 5
56 
206 
246 
418 
445 
5 7
75 
123 
130 
171 
180 
241 
458 
6 5
14 
129 
171 
179 
305 
7 4
34 
136 
253 
291 
8 8
24 
53 
58 
117 
308 
354 
396 
494 
9 7
89 
100 
154 
291 
329 
374 
469 
10 9
63 
67 
133 
148 
200 
369 
395 
415 
447 
11 8
75 
166 
238 
249 
283 
360 
437 
481 
12 7
10 
41 
164 
246 
286 
294 
457 
13 3
231 
320 
478 
14 7
9 
42 
143 
453 
455 
478 
488 
15 11
85 
102 
116 
163 
200 
259 
264 
276 
338 
437 
438 
16 10
6 
7 
73 
87 
125 
129 
160 
246 
398 
410 
17 12
14 
19 
29 
110 
117 
147 
185 
242 
299 
440 
464 
474 
18 11
26 
71 
86 
141 
146 
293 
312 
360 
374 
479 
491 
19 7
5 
101 
118 
232 
347 
377 
417 
0.460000 3
0 1
299 
1 1
15 
16 1
178 
-0.580000 1
16 2
163 
191 
0.240000 18
0 2
182 
482 
1 2
27 
388 
2 3
193 
281 
392 
3 4
238 
249 
291 
429 
4 3
111 
160 
194 
6 1
448 
7 1
332 
8 2
156 
174 
9 4
275 
276 
290 
450 
10 1
341 
11 1
381 
13 2
82 
439 
14 4
7 
17 
354 
378 
15 1
355 
16 1
408 
17 1
100 
18 5
73 
74 
92 
290 
417 
19 1
458 
-0.520000 3
16 1
291 
17 1
231 
6 1
287 
0.390000 4
1 1
306 
18 1
122 
12 1
174 
17 1
83 
-0.090000 20
0 16
3 
69 
71 
73 
89 
142 
219 
271 
319 
406 
408 
415 
416 
419 
435 
473 
1 15
68 
86 
93 
129 
145 
149 
205 
236 
272 
317 
338 
383 
409 
432 
468 
2 16
111 
125 
149 
150 
166 
168 
217 
221 
243 
252 
316 
354 
385 
440 
464 
468 
3 11
13 
24 
87 
100 
163 
335 
392 
394 
400 
483 
484 
4 11
51 
75 
78 
88 
170 
195 
201 
239 
265 
320 
356 
5 12
28 
59 
68 
74 
197 
311 
312 
331 
432 
476 
479 
498 
6 10
2 
137 
159 
192 
246 
256 
261 
294 
355 
388 
7 17
14 
26 
60 
84 
91 
180 
191 
199 
206 
241 
269 
271 
318 
373 
378 
381 
389 
8 11
32 
68 
142 
163 
206 
224 
239 
306 
365 
431 
474 
9 15
29 
58 
66 
157 
192 
195 
208 
255 
270 
295 
326 
366 
424 
438 
480 
10 17
28 
44 
109 
110 
129 
140 
170 
185 
189 
196 
259 
269 
289 
315 
324 
432 
448 
11 8
12 
64 
252 
303 
334 
388 
393 
444 
12 9
161 
177 
201 
258 
315 
319 
324 
353 
356 
13 9
2 
66 
244 
251 
252 
318 
406 
459 
481 
14 19
13 
69 
73 
82 
118 
152 
166 
195 
220 
223 
300 
338 
349 
355 
370 
375 
394 
423 
458 
15 10
22 
110 
120 
150 
240 
244 
335 
375 
400 
414 
16 6
133 
187 
201 
216 
347 
428 
17 10
4 
67 
73 
176 
209 
289 
309 
311 
423 
490 
18 7
117 
144 
189 
252 
407 
410 
472 
19 10
41 
67 
205 
206 
229 
235 
376 
393 
439 
482 
-0.620000 1
18 1
297 
0.270000 16
0 1
465 
1 1
45 
2 3
8 
329 
383 
4 1
441 
5 2
111 
223 
7 1
147 
8 2
289 
320 
9 1
446 
10 3
250 
320 
435 
11 2
94 
287 
13 1
280 
14 2
244 
441 
15 4
83 
192 
260 
495 
16 1
396 
18 2
34 
65 
19 1
325 
-0.480000 6
1 1
277 
4 1
457 
5 1
0 
6 1
453 
13 1
462 
19 1
472 
-0.280000 19
0 1
321 
1 3
209 
300 
449 
2 1
452 
4 6
7 
64 
428 
449 
456 
468 
5 4
86 
248 
335 
496 
6 4
8 
43 
267 
431 
7 3
437 
468 
485 
8 6
152 
190 
229 
299 
403 
475 
9 1
299 
10 3
11 
100 
329 
11 3
49 
192 
439 
12 2
138 
244 
13 5
5 
185 
295 
356 
477 
14 3
52 
151 
235 
15 2
295 
390 
16 4
56 
363 
421 
497 
17 4
158 
177 
272 
336 
18 5
66 
244 
341 
401 
408 
19 2
394 
404 
0.050000 20
0 7
68 
77 
112 
242 
388 
440 
487 
1 13
10 
12 
16 
18 
31 
46 
53 
61 
94 
124 
125 
418 
436 
2 10
0 
10 
95 
180 
201 
205 
330 
378 
481 
498 
3 12
10 
56 
131 
154 
233 
253 
268 
340 
341 
345 
425 
482 
4 14
24 
29 
76 
120 
196 
212 
219 
222 
352 
393 
453 
474 
479 
497 
5 15
6 
46 
146 
162 
203 
205 
238 
261 
283 
285 
315 
330 
391 
408 
440 
6 9
40 
109 
111 
114 
229 
352 
371 
478 
497 
7 9
50 
93 
225 
250 
316 
321 
359 
361 
478 
8 11
59 
80 
137 
175 
205 
225 
374 
390 
426 
427 
472 
9 12
24 
45 
73 
75 
80 
165 
172 
185 
268 
416 
435 
492 
10 16
18 
72 
92 
98 
99 
128 
139 
177 
187 
252 
307 
344 
368 
377 
408 
418 
11 11
26 
36 
65 
128 
141 
176 
290 
317 
324 
335 
478 
12 7
64 
196 
229 
341 
378 
392 
472 
13 11
49 
59 
78 
189 
237 
254 
264 
284 
396 
434 
473 
14 6
165 
209 
268 
462 
477 
481 
15 12
144 
147 
177 
228 
268 
292 
322 
337 
368 
458 
473 
475 
16 10
54 
172 
235 
267 
278 
281 
311 
450 
468 
492 
17 11
114 
149 
152 
196 
239 
263 
327 
328 
374 
398 
470 
18 12
14 
41 
113 
137 
154 
157 
195 
207 
235 
283 
367 
471 
19 15
18 
23 
82 
109 
134 
155 
167 
239 
279 
284 
290 
304 
345 
444 
488 
0.400000 6
1 1
106 
4 1
323 
5 1
101 
6 2
215 
472 
12 1
22 
14 1
289 
-0.350000 12
0 2
15 
280 
3 1
119 
6 1
462 
7 2
54 
166 
8 2
167 
488 
12 1
227 
13 2
152 
190 
15 1
221 
16 2
61 
484 
17 4
76 
93 
426 
450 
18 3
78 
205 
422 
19 1
433 
0.550000 1
1 1
101 
-0.590000 1
12 1
297 
0.380000 6
0 1
94 
2 1
278 
12 1
389 
13 1
44 
16 1
213 
18 1
123 
0.280000 15
0 3
49 
53 
128 
1 1
102 
2 3
212 
304 
397 
3 1
485 
4 1
380 
5 1
10 
6 1
23 
7 5
131 
145 
259 
298 
470 
8 2
27 
121 
12 2
129 
430 
14 2
411 
442 
15 1
81 
16 1
214 
17 1
56 
18 1
485 
-0.470000 3
8 1
279 
11 1
423 
4 1
467 
-0.370000 11
1 2
403 
475 
2 1
155 
5 3
271 
306 
427 
7 1
463 
11 1
215 
13 2
29 
445 
14 2
310 
415 
16 2
192 
489 
17 1
11 
18 1
346 
19 2
127 
432 
0.180000 20
0 5
13 
139 
375 
442 
452 
1 5
118 
219 
291 
293 
385 
2 6
93 
100 
267 
276 
393 
448 
3 10
58 
110 
132 
169 
210 
215 
234 
292 
352 
434 
4 8
112 
205 
276 
282 
287 
288 
340 
387 
5 2
106 
225 
6 5
87 
88 
295 
429 
443 
7 3
44 
293 
333 
8 5
100 
165 
228 
250 
364 
9 5
129 
333 
415 
425 
490 
10 5
94 
224 
295 
342 
374 
11 4
127 
295 
387 
471 
12 2
436 
487 
13 6
62 
77 
125 
170 
310 
444 
14 10
35 
77 
122 
169 
229 
345 
403 
437 
447 
472 
15 8
9 
76 
133 
213 
215 
225 
277 
350 
16 5
19 
99 
169 
247 
380 
17 3
21 
182 
379 
18 5
5 
8 
267 
296 
309 
19 6
172 
214 
222 
257 
293 
330 
0.410000 6
5 1
394 
7 1
328 
10 1
420 
12 1
28 
16 1
183 
18 1
70 
-0.170000 20
0 9
10 
173 
240 
265 
297 
329 
462 
478 
492 
1 10
2 
43 
65 
85 
162 
167 
176 
189 
351 
373 
2 8
62 
124 
128 
138 
141 
169 
347 
414 
3 7
66 
69 
93 
333 
379 
419 
453 
4 4
127 
221 
250 
301 
5 10
116 
121 
161 
188 
352 
364 
410 
452 
462 
478 
6 12
1 
36 
60 
64 
225 
257 
273 
298 
319 
358 
420 
430 
7 13
4 
59 
80 
151 
255 
267 
292 
311 
358 
406 
436 
457 
472 
8 10
12 
56 
76 
197 
236 
315 
394 
405 
436 
480 
9 10
1 
113 
168 
189 
206 
267 
302 
304 
318 
418 
10 3
223 
313 
404 
11 9
2 
93 
103 
173 
191 
248 
379 
390 
409 
12 7
67 
194 
219 
359 
367 
376 
379 
13 7
10 
48 
116 
219 
285 
385 
409 
14 9
43 
49 
78 
142 
161 
193 
285 
333 
428 
15 10
21 
46 
47 
145 
154 
173 
222 
331 
412 
498 
16 11
27 
102 
152 
176 
185 
301 
307 
378 
417 
460 
473 
17 3
218 
249 
260 
18 8
67 
181 
292 
294 
298 
304 
337 
446 
19 11
99 
147 
180 
195 
236 
242 
331 
342 
351 
395 
434 
-0.530000 1
16 1
349 
0.420000 2
10 1
450 
5 1
378 
-0.500000 2
17 1
386 
5 1
314 
0.170000 20
0 3
58 
177 
400 
1 4
14 
39 
233 
307 
2 3
96 
189 
211 
3 6
68 
135 
220 
280 
307 
450 
4 4
105 
275 
327 
470 
5 7
70 
80 
96 
190 
207 
392 
436 
6 3
149 
434 
466 
7 3
102 
124 
390 
8 6
45 
138 
146 
151 
155 
429 
9 6
84 
348 
380 
387 
392 
445 
10 4
69 
243 
375 
421 
11 10
37 
281 
282 
316 
370 
374 
400 
401 
429 
446 
12 6
38 
110 
256 
287 
327 
432 
13 1
261 
14 3
4 
34 
480 
15 6
86 
285 
429 
457 
461 
492 
16 7
5 
14 
15 
295 
335 
340 
383 
17 3
28 
305 
442 
18 3
80 
322 
436 
19 7
48 
129 
150 
322 
425 
449 
450 
0.290000 12
0 3
66 
152 
354 
1 2
450 
477 
3 2
286 
382 
5 1
49 
6 1
251 
7 1
451 
10 2
305 
425 
11 3
167 
286 
302 
14 1
410 
16 1
280 
17 1
428 
19 2
11 
374 
-0.230000 19
0 4
43 
76 
170 
215 
1 4
207 
276 
335 
453 
2 3
63 
305 
337 
3 3
103 
224 
496 
4 3
93 
168 
188 
5 7
20 
36 
91 
286 
435 
474 
493 
7 5
119 
161 
420 
450 
460 
8 6
44 
88 
115 
179 
318 
470 
9 7
90 
170 
217 
223 
233 
296 
423 
10 6
17 
52 
166 
179 
190 
291 
11 6
5 
223 
235 
297 
415 
469 
12 2
235 
474 
13 6
11 
288 
326 
377 
404 
447 
14 8
63 
162 
290 
319 
336 
352 
434 
484 
15 8
20 
34 
111 
171 
274 
369 
377 
395 
16 4
136 
222 
324 
361 
17 4
94 
150 
153 
277 
18 3
106 
325 
405 
19 9
137 
138 
152 
182 
187 
202 
349 
440 
473 
-0.570000 3
16 1
162 
3 1
202 
12 1
296 
-0.020000 20
0 12
75 
93 
148 
168 
169 
183 
236 
266 
358 
383 
441 
469 
1 11
4 
47 
157 
213 
243 
259 
283 
312 
327 
402 
444 
2 15
14 
33 
36 
38 
76 
85 
147 
151 
183 
244 
348 
386 
406 
413 
478 
3 15
16 
85 
91 
125 
128 
158 
195 
232 
242 
262 
264 
332 
346 
372 
452 
4 10
80 
192 
207 
240 
255 
263 
333 
371 
437 
486 
5 11
55 
72 
139 
144 
164 
181 
234 
341 
353 
415 
439 
6 7
86 
113 
140 
316 
382 
424 
460 
7 17
33 
38 
109 
133 
171 
193 
214 
221 
246 
247 
263 
329 
349 
402 
429 
431 
448 
8 15
62 
90 
210 
213 
328 
340 
369 
383 
386 
388 
404 
423 
440 
441 
465 
9 16
16 
23 
46 
138 
213 
245 
262 
303 
316 
353 
398 
409 
421 
430 
474 
481 
10 6
79 
83 
122 
173 
282 
321 
11 15
17 
69 
81 
99 
112 
113 
147 
160 
196 
233 
241 
260 
308 
321 
475 
12 22
20 
26 
32 
47 
53 
120 
126 
169 
210 
285 
298 
310 
388 
396 
407 
408 
413 
434 
449 
478 
481 
495 
13 21
1 
18 
74 
143 
182 
187 
188 
197 
199 
223 
230 
277 
331 
368 
386 
391 
417 
426 
451 
479 
496 
14 16
1 
29 
53 
114 
135 
215 
217 
254 
263 
265 
309 
381 
386 
389 
440 
469 
15 13
90 
100 
162 
175 
189 
198 
286 
353 
381 
435 
452 
478 
486 
16 16
12 
29 
41 
72 
85 
98 
117 
126 
153 
277 
288 
313 
336 
342 
436 
490 
17 17
30 
77 
96 
154 
173 
192 
195 
199 
238 
256 
265 
298 
306 
322 
323 
393 
419 
18 13
0 
28 
119 
132 
148 
208 
220 
270 
280 
327 
418 
456 
462 
19 18
30 
32 
55 
64 
95 
149 
204 
219 
234 
261 
266 
271 
334 
336 
337 
409 
416 
471 
0.020000 20
0 12
6 
29 
72 
121 
178 
263 
270 
346 
357 
420 
447 
460 
1 14
90 
143 
151 
179 
250 
253 
332 
356 
379 
395 
404 
490 
493 
496 
2 9
5 
16 
28 
103 
154 
279 
286 
429 
477 
3 17
2 
18 
35 
64 
161 
172 
226 
274 
290 
409 
412 
414 
460 
480 
486 
494 
497 
4 15
77 
87 
92 
114 
122 
237 
238 
254 
266 
272 
336 
405 
406 
446 
489 
5 8
7 
65 
81 
83 
206 
266 
300 
382 
6 15
65 
112 
178 
235 
266 
281 
304 
318 
324 
392 
404 
413 
428 
439 
467 
7 19
12 
32 
63 
67 
69 
117 
129 
132 
172 
243 
276 
301 
351 
370 
374 
375 
403 
434 
447 
8 12
0 
37 
116 
149 
204 
226 
341 
370 
398 
460 
485 
493 
9 11
40 
72 
93 
109 
126 
250 
265 
289 
355 
382 
439 
10 9
4 
60 
77 
152 
160 
203 
337 
412 
475 
11 10
53 
82 
190 
224 
273 
358 
404 
410 
412 
447 
12 12
30 
90 
104 
136 
205 
209 
307 
318 
325 
401 
459 
486 
13 13
42 
92 
104 
123 
130 
139 
174 
255 
260 
339 
354 
358 
364 
14 10
41 
54 
246 
314 
361 
362 
379 
396 
405 
451 
15 13
73 
78 
191 
216 
267 
307 
365 
374 
376 
380 
434 
456 
483 
16 16
52 
92 
96 
151 
155 
188 
220 
290 
298 
315 
395 
456 
466 
480 
487 
488 
17 15
16 
72 
75 
99 
108 
157 
275 
326 
339 
349 
365 
367 
407 
459 
465 
18 11
19 
115 
140 
149 
326 
386 
391 
399 
430 
431 
434 
19 13
8 
20 
71 
88 
100 
108 
154 
178 
194 
305 
317 
329 
494 
0.210000 20
0 2
399 
430 
1 1
365 
2 2
30 
263 
3 2
123 
218 
4 3
129 
384 
471 
5 2
292 
383 
6 4
92 
116 
317 
383 
7 2
209 
371 
8 3
19 
159 
254 
9 5
63 
101 
279 
399 
433 
10 4
260 
301 
443 
495 
11 9
34 
58 
111 
188 
189 
209 
211 
372 
382 
12 1
345 
13 2
209 
217 
14 6
156 
180 
201 
213 
243 
473 
15 6
12 
80 
138 
398 
415 
416 
16 2
305 
449 
17 1
0 
18 4
118 
221 
277 
439 
19 1
208 
-0.330000 14
1 4
185 
226 
305 
315 
2 3
122 
296 
332 
3 2
330 
464 
4 3
279 
311 
401 
5 4
215 
313 
429 
455 
6 1
279 
7 2
397 
410 
8 1
477 
11 1
455 
12 2
139 
320 
14 2
19 
120 
15 1
343 
16 3
232 
286 
296 
17 1
405 
-0.640000 1
16 1
186 
0.300000 14
2 1
178 
4 1
358 
5 1
453 
6 1
471 
7 2
24 
454 
10 2
14 
335 
11 1
442 
12 2
44 
215 
13 1
51 
14 1
377 
15 1
265 
16 3
276 
422 
429 
17 1
143 
18 1
196 
-0.680000 2
16 1
157 
17 1
356 
-0.630000 1
12 1
92 
0.150000 20
0 8
59 
61 
63 
206 
262 
345 
349 
499 
1 8
96 
104 
105 
229 
234 
346 
413 
438 
2 7
260 
273 
362 
363 
456 
462 
467 
3 4
133 
247 
279 
299 
4 5
161 
293 
328 
379 
444 
5 8
195 
227 
296 
305 
317 
354 
400 
405 
6 12
29 
54 
61 
71 
134 
214 
237 
322 
338 
343 
346 
483 
7 4
27 
77 
320 
430 
8 10
64 
129 
220 
274 
280 
283 
327 
345 
363 
425 
9 5
5 
17 
308 
324 
420 
10 4
264 
299 
456 
480 
11 4
144 
159 
405 
492 
12 7
39 
198 
250 
426 
441 
442 
473 
13 11
56 
88 
94 
133 
275 
278 
297 
378 
412 
490 
495 
14 4
112 
113 
141 
346 
15 6
148 
324 
447 
470 
488 
489 
16 7
26 
59 
112 
173 
244 
355 
491 
17 9
137 
300 
315 
320 
329 
372 
395 
473 
475 
18 10
2 
3 
7 
98 
164 
203 
230 
308 
319 
379 
19 9
2 
35 
193 
198 
209 
251 
256 
373 
477 
0.100000 20
0 8
8 
50 
141 
202 
207 
232 
279 
376 
1 11
9 
126 
150 
154 
220 
240 
268 
269 
289 
292 
371 
2 6
25 
129 
177 
207 
400 
415 
3 4
147 
395 
454 
462 
4 13
23 
45 
81 
210 
218 
223 
300 
318 
350 
363 
378 
450 
494 
5 4
84 
242 
250 
329 
6 5
95 
106 
242 
419 
450 
7 8
87 
99 
110 
157 
177 
254 
286 
426 
8 11
47 
99 
126 
133 
181 
232 
277 
286 
384 
409 
445 
9 8
6 
105 
167 
176 
225 
280 
393 
451 
10 5
2 
213 
247 
413 
484 
11 9
62 
98 
170 
171 
239 
269 
322 
353 
484 
12 6
35 
170 
311 
412 
439 
444 
13 4
72 
83 
172 
371 
14 7
6 
129 
148 
282 
299 
340 
398 
15 14
33 
63 
82 
101 
108 
197 
202 
224 
313 
325 
384 
433 
440 
450 
16 12
30 
110 
245 
303 
322 
325 
327 
334 
338 
360 
411 
495 
17 9
13 
33 
142 
361 
362 
406 
429 
449 
468 
18 10
27 
47 
56 
81 
90 
238 
268 
347 
351 
361 
19 7
110 
165 
212 
226 
300 
464 
476 
-0.450000 5
16 1
141 
17 1
107 
19 1
153 
14 1
182 
15 1
218 
0.140000 20
0 7
26 
132 
199 
214 
223 
294 
379 
1 7
28 
142 
296 
354 
434 
439 
495 
2 7
9 
271 
272 
345 
382 
422 
490 
3 5
29 
217 
276 
354 
489 
4 4
74 
134 
236 
322 
5 7
66 
119 
125 
170 
294 
342 
480 
6 4
100 
135 
200 
303 
7 6
49 
256 
257 
261 
424 
499 
8 9
5 
101 
134 
147 
288 
371 
411 
417 
464 
9 8
18 
69 
285 
292 
386 
459 
487 
496 
10 4
244 
317 
346 
379 
11 7
19 
79 
89 
120 
210 
250 
406 
12 6
27 
46 
202 
255 
316 
391 
13 5
30 
32 
43 
52 
431 
14 2
222 
325 
15 2
164 
345 
16 9
79 
212 
317 
328 
365 
370 
433 
442 
471 
17 3
20 
24 
220 
18 7
4 
29 
175 
254 
263 
278 
282 
19 3
114 
291 
362 
0.430000 2
4 1
230 
6 1
289 
-0.320000 20
0 1
38 
1 2
6 
208 
2 3
130 
341 
479 
3 2
207 
437 
4 1
312 
5 5
184 
307 
386 
402 
420 
6 6
6 
132 
183 
234 
270 
452 
7 1
215 
8 4
2 
16 
82 
247 
9 1
389 
10 2
272 
370 
11 1
148 
12 3
14 
404 
421 
13 1
346 
14 2
401 
429 
15 4
316 
341 
451 
467 
16 5
8 
67 
108 
258 
273 
17 3
136 
286 
480 
18 2
52 
474 
19 6
9 
43 
238 
247 
348 
350 
0.520000 1
1 1
279 
0.310000 9
1 1
201 
3 1
118 
7 1
18 
10 1
468 
11 2
183 
349 
13 1
308 
14 1
154 
15 2
14 
214 
17 2
82 
310 
-0.220000 19
0 4
86 
290 
412 
490 
1 5
34 
297 
314 
410 
451 
2 7
156 
257 
294 
357 
365 
377 
469 
4 6
26 
94 
124 
142 
178 
261 
5 11
43 
54 
117 
220 
322 
403 
404 
431 
434 
438 
459 
6 5
17 
58 
233 
258 
490 
7 2
28 
73 
8 6
39 
71 
81 
265 
331 
461 
9 2
49 
236 
10 7
53 
153 
165 
205 
207 
332 
460 
11 10
0 
86 
143 
220 
262 
331 
333 
339 
420 
468 
12 4
233 
349 
416 
479 
13 2
55 
101 
14 4
62 
259 
269 
373 
15 2
354 
393 
16 7
9 
68 
211 
253 
426 
427 
434 
17 9
55 
134 
156 
211 
228 
230 
351 
478 
479 
18 11
63 
165 
167 
218 
247 
335 
340 
406 
419 
473 
499 
19 6
28 
176 
225 
306 
399 
428 
-0.490000 7
2 2
237 
472 
6 1
463 
10 1
328 
14 1
211 
17 3
101 
331 
431 
18 1
173 
19 1
427 
-0.360000 13
0 3
136 
217 
491 
1 1
231 
3 2
201 
208 
5 1
457 
6 1
217 
7 1
415 
8 1
413 
9 2
137 
141 
11 2
6 
460 
12 1
145 
13 2
137 
312 
15 1
296 
17 2
155 
453 
0.110000 20
0 12
56 
67 
81 
129 
220 
222 
226 
248 
259 
286 
327 
330 
1 4
138 
284 
389 
478 
2 7
80 
250 
291 
359 
398 
458 
485 
3 5
0 
52 
90 
167 
475 
4 6
49 
65 
79 
270 
381 
493 
5 4
34 
94 
122 
239 
6 9
78 
82 
91 
156 
262 
290 
306 
326 
398 
7 6
39 
72 
111 
123 
368 
446 
8 9
29 
46 
189 
193 
251 
307 
389 
412 
471 
9 6
30 
68 
258 
263 
317 
352 
10 7
15 
51 
237 
288 
397 
414 
485 
11 8
67 
114 
193 
225 
274 
296 
315 
486 
12 10
49 
103 
108 
116 
123 
130 
373 
440 
471 
476 
13 2
453 
470 
14 14
22 
27 
81 
107 
153 
178 
271 
276 
283 
294 
348 
399 
408 
420 
15 10
11 
27 
88 
104 
185 
201 
211 
263 
373 
428 
16 7
53 
138 
289 
346 
430 
447 
470 
17 8
34 
84 
227 
288 
340 
404 
443 
469 
18 10
76 
97 
134 
162 
190 
204 
344 
397 
433 
437 
19 10
47 
50 
89 
104 
174 
207 
402 
454 
465 
480 
-0.310000 16
0 1
342 
1 1
352 
2 5
285 
312 
322 
331 
470 
3 2
200 
205 
4 2
119 
138 
5 3
38 
85 
345 
6 3
21 
160 
189 
7 2
235 
495 
8 2
77 
257 
9 1
462 
11 1
350 
12 2
65 
144 
13 2
357 
467 
14 2
232 
291 
15 1
166 
17 1
216 
0.360000 7
0 1
424 
5 2
230 
280 
10 1
19 
11 1
146 
12 1
42 
16 4
39 
184 
275 
493 
17 1
427 
-0.260000 19
0 3
20 
315 
495 
1 4
161 
282 
340 
416 
2 4
229 
274 
300 
313 
3 4
88 
338 
420 
430 
4 5
41 
190 
257 
403 
487 
5 4
160 
253 
318 
477 
6 1
286 
7 4
115 
165 
290 
314 
8 3
200 
259 
449 
9 4
96 
188 
237 
479 
10 5
23 
30 
54 
290 
497 
11 2
23 
56 
12 1
23 
13 3
286 
304 
322 
14 3
301 
374 
479 
15 2
43 
423 
16 11
13 
28 
48 
104 
147 
180 
181 
196 
302 
404 
416 
17 3
8 
111 
234 
19 2
269 
441 
-0.510000 3
17 1
200 
19 1
277 
5 1
319 
0.040000 20
0 15
96 
107 
109 
143 
159 
196 
241 
255 
317 
359 
405 
409 
425 
428 
498 
1 12
50 
66 
75 
78 
144 
193 
202 
244 
324 
372 
400 
447 
2 15
13 
17 
34 
41 
75 
112 
136 
172 
303 
361 
368 
369 
381 
425 
492 
3 12
40 
79 
136 
152 
170 
225 
266 
269 
302 
383 
479 
490 
4 15
8 
156 
172 
173 
189 
197 
202 
229 
308 
319 
337 
359 
360 
458 
488 
5 4
258 
293 
395 
447 
6 14
33 
101 
117 
148 
198 
220 
222 
247 
260 
280 
337 
373 
381 
395 
7 11
40 
141 
163 
281 
283 
323 
353 
363 
367 
386 
452 
8 16
18 
28 
92 
93 
98 
107 
169 
183 
292 
309 
406 
407 
422 
459 
463 
486 
9 10
55 
76 
123 
133 
135 
144 
410 
443 
454 
494 
10 15
21 
42 
50 
85 
108 
169 
215 
323 
340 
363 
366 
376 
440 
488 
490 
11 17
39 
43 
44 
60 
63 
74 
206 
245 
255 
352 
425 
427 
440 
450 
476 
487 
489 
12 13
73 
121 
172 
213 
225 
253 
329 
331 
333 
451 
470 
485 
497 
13 16
8 
24 
31 
85 
128 
136 
151 
153 
211 
227 
235 
239 
307 
361 
389 
486 
14 12
12 
16 
28 
76 
199 
278 
326 
347 
358 
412 
431 
476 
15 10
23 
59 
72 
105 
142 
193 
326 
363 
387 
449 
16 14
16 
38 
82 
83 
84 
114 
135 
148 
159 
215 
268 
369 
392 
448 
17 13
78 
91 
133 
172 
174 
190 
287 
317 
369 
373 
376 
383 
388 
18 9
11 
99 
155 
302 
415 
421 
426 
458 
470 
19 15
4 
16 
19 
45 
81 
179 
216 
250 
288 
294 
364 
369 
382 
387 
422 
-0.430000 10
1 1
116 
2 1
326 
3 1
203 
6 1
12 
8 1
15 
9 1
142 
11 1
467 
15 1
420 
16 2
189 
223 
17 1
337 
-0.140000 20
0 5
41 
104 
117 
370 
393 
1 9
7 
37 
121 
195 
382 
445 
481 
486 
491 
2 8
47 
70 
83 
265 
309 
320 
364 
489 
3 11
9 
71 
104 
159 
219 
270 
296 
360 
367 
423 
468 
4 10
11 
83 
90 
101 
103 
310 
317 
373 
386 
481 
5 14
2 
52 
76 
154 
166 
182 
185 
245 
332 
389 
433 
441 
449 
461 
6 10
107 
133 
197 
203 
308 
320 
347 
349 
436 
454 
7 13
144 
154 
169 
188 
205 
210 
303 
308 
409 
411 
417 
467 
483 
8 9
86 
87 
102 
157 
310 
317 
346 
361 
366 
9 16
25 
31 
91 
95 
160 
187 
207 
261 
288 
310 
320 
383 
394 
412 
461 
463 
10 15
16 
29 
35 
125 
131 
158 
193 
225 
229 
234 
248 
271 
347 
428 
452 
11 10
71 
97 
107 
129 
185 
187 
227 
229 
231 
461 
12 10
12 
59 
78 
113 
217 
314 
375 
403 
424 
469 
13 15
50 
93 
132 
144 
246 
250 
294 
296 
302 
321 
341 
380 
402 
471 
480 
14 10
20 
83 
90 
121 
125 
159 
249 
323 
372 
391 
15 13
0 
24 
56 
62 
66 
89 
233 
238 
253 
336 
397 
442 
445 
16 7
209 
333 
364 
399 
439 
496 
498 
17 6
58 
214 
316 
437 
461 
477 
18 5
24 
46 
116 
138 
197 
19 6
77 
96 
143 
355 
358 
384 
0.220000 18
0 1
162 
1 5
52 
139 
222 
262 
316 
2 5
37 
287 
292 
344 
482 
3 3
39 
44 
254 
4 1
499 
5 7
95 
208 
221 
236 
265 
278 
396 
6 4
76 
213 
296 
477 
7 1
204 
8 4
276 
305 
368 
452 
10 2
20 
430 
11 2
240 
413 
12 5
21 
128 
216 
282 
370 
14 2
132 
392 
15 4
242 
323 
389 
480 
16 4
345 
402 
403 
482 
17 2
253 
345 
18 3
45 
72 
279 
19 3
1 
448 
497 
0.450000 4
8 1
26 
17 3
61 
105 
400 
18 1
291 
6 1
484 
-0.150000 20
0 13
106 
119 
144 
229 
252 
303 
305 
331 
362 
366 
453 
480 
485 
1 8
42 
87 
132 
197 
281 
368 
482 
484 
2 13
65 
117 
119 
120 
174 
194 
195 
230 
231 
302 
325 
412 
445 
3 10
28 
115 
231 
282 
369 
380 
397 
403 
477 
478 
4 7
57 
164 
165 
290 
407 
413 
443 
5 14
8 
87 
108 
137 
155 
252 
256 
262 
328 
370 
414 
430 
466 
489 
6 8
79 
172 
226 
239 
360 
365 
417 
456 
7 14
10 
41 
48 
70 
75 
160 
173 
203 
222 
277 
324 
405 
464 
490 
8 8
36 
38 
170 
298 
301 
337 
357 
478 
9 12
107 
186 
238 
242 
286 
322 
401 
455 
457 
467 
491 
498 
10 6
351 
355 
405 
406 
467 
486 
11 11
33 
55 
102 
106 
164 
267 
325 
329 
342 
355 
474 
12 4
2 
29 
112 
197 
13 7
46 
84 
149 
157 
375 
381 
430 
14 5
318 
335 
439 
470 
474 
15 12
55 
57 
151 
165 
183 
186 
227 
234 
344 
406 
439 
465 
16 8
263 
330 
372 
385 
412 
444 
458 
469 
17 11
26 
27 
64 
71 
89 
219 
223 
325 
333 
402 
412 
18 9
48 
108 
160 
224 
299 
377 
394 
411 
493 
19 9
58 
63 
115 
246 
272 
308 
340 
353 
424 
-0.300000 15
0 1
448 
1 4
175 
180 
285 
374 
2 3
209 
408 
454 
4 4
12 
98 
306 
398 
6 1
292 
9 4
4 
86 
148 
287 
10 5
93 
119 
186 
194 
441 
11 2
88 
466 
12 2
119 
264 
13 1
407 
14 7
64 
85 
128 
173 
339 
419 
499 
15 1
61 
16 3
224 
243 
474 
17 2
6 
233 
18 1
62 
-0.400000 11
0 1
449 
1 3
0 
265 
280 
3 2
76 
289 
4 2
448 
461 
6 1
457 
10 1
472 
11 3
7 
50 
343 
14 1
385 
17 2
232 
382 
18 1
424 
19 1
132 
0.330000 10
0 2
7 
261 
1 1
461 
3 1
472 
5 1
379 
6 1
275 
14 1
61 
15 1
246 
16 1
130 
17 3
57 
106 
456 
19 1
245 
-0.420000 9
0 1
479 
1 1
480 
3 1
339 
5 4
30 
254 
276 
308 
8 1
201 
9 1
136 
12 1
97 
14 1
187 
15 1
342 
0.010000 20
0 16
52 
113 
133 
189 
230 
256 
306 
335 
336 
369 
378 
386 
417 
444 
483 
484 
1 12
23 
40 
89 
117 
141 
182 
187 
218 
239 
258 
299 
473 
2 19
11 
29 
40 
49 
57 
58 
59 
61 
69 
71 
115 
181 
198 
266 
269 
340 
353 
442 
486 
3 10
124 
148 
237 
239 
265 
284 
285 
312 
325 
377 
4 14
43 
53 
60 
68 
140 
141 
245 
269 
271 
357 
366 
395 
420 
436 
5 8
51 
109 
173 
235 
324 
344 
366 
456 
6 17
30 
32 
115 
126 
218 
250 
310 
321 
329 
330 
377 
393 
449 
473 
482 
488 
493 
7 16
57 
78 
103 
134 
201 
231 
239 
260 
264 
272 
306 
352 
357 
449 
461 
484 
8 10
111 
123 
166 
211 
248 
282 
332 
353 
377 
379 
9 12
15 
47 
127 
134 
171 
177 
215 
252 
264 
314 
332 
358 
10 19
7 
10 
37 
58 
68 
115 
132 
138 
162 
176 
211 
255 
278 
312 
327 
386 
390 
455 
476 
11 10
77 
78 
117 
155 
234 
365 
414 
419 
458 
473 
12 10
61 
69 
86 
106 
109 
137 
151 
214 
338 
348 
13 19
19 
27 
90 
91 
95 
129 
161 
181 
205 
229 
253 
263 
265 
291 
309 
401 
416 
468 
492 
14 11
32 
66 
171 
200 
214 
230 
288 
313 
321 
367 
438 
15 14
25 
31 
36 
77 
103 
134 
140 
195 
206 
309 
334 
348 
409 
413 
16 13
21 
35 
76 
90 
139 
257 
284 
332 
351 
377 
379 
394 
477 
17 13
12 
132 
139 
148 
203 
208 
248 
269 
274 
371 
390 
422 
451 
18 11
33 
136 
179 
274 
286 
303 
313 
365 
396 
427 
444 
19 15
26 
228 
244 
253 
287 
296 
299 
319 
352 
383 
390 
401 
426 
443 
487 
-0.040000 20
0 10
14 
33 
40 
92 
114 
289 
337 
397 
472 
481 
1 15
11 
13 
22 
38 
107 
108 
133 
237 
343 
360 
361 
415 
433 
459 
472 
2 13
15 
43 
51 
67 
104 
106 
109 
110 
186 
203 
275 
405 
491 
3 18
12 
144 
166 
180 
250 
308 
324 
357 
364 
390 
391 
396 
401 
408 
433 
474 
481 
488 
4 16
9 
39 
40 
82 
91 
104 
121 
147 
220 
231 
295 
302 
335 
342 
419 
475 
5 12
97 
113 
129 
138 
140 
145 
257 
281 
284 
358 
385 
472 
6 18
18 
123 
147 
166 
185 
209 
224 
255 
315 
353 
376 
378 
387 
389 
391 
400 
422 
492 
7 19
46 
55 
58 
64 
106 
139 
140 
189 
223 
249 
265 
266 
302 
364 
376 
379 
383 
392 
433 
8 10
40 
48 
74 
144 
218 
326 
352 
414 
420 
450 
9 21
10 
11 
60 
65 
124 
151 
178 
216 
246 
253 
271 
274 
277 
330 
337 
381 
403 
427 
468 
485 
493 
10 13
3 
141 
150 
155 
284 
286 
300 
303 
350 
367 
394 
482 
494 
11 20
40 
45 
105 
110 
139 
165 
182 
200 
214 
254 
284 
314 
341 
357 
366 
395 
417 
431 
457 
472 
12 14
4 
43 
98 
102 
115 
133 
275 
284 
303 
335 
351 
386 
425 
477 
13 12
16 
22 
26 
79 
89 
112 
138 
160 
399 
413 
487 
491 
14 12
31 
91 
95 
134 
184 
241 
258 
287 
307 
371 
448 
460 
15 14
18 
38 
40 
70 
97 
135 
168 
184 
294 
300 
382 
401 
425 
462 
16 12
33 
75 
103 
193 
255 
264 
318 
343 
431 
440 
461 
475 
17 10
103 
159 
161 
165 
178 
194 
243 
281 
343 
483 
18 14
75 
102 
112 
133 
143 
233 
239 
243 
271 
276 
352 
359 
425 
480 
19 9
126 
163 
166 
188 
211 
323 
415 
429 
437 
0.230000 16
1 2
55 
311 
2 1
463 
3 3
94 
113 
375 
4 3
372 
382 
439 
5 6
47 
79 
89 
224 
369 
490 
8 2
269 
304 
9 6
20 
35 
50 
334 
338 
476 
10 5
117 
137 
437 
470 
471 
11 2
299 
318 
12 4
312 
336 
354 
394 
13 1
485 
14 1
452 
15 2
212 
287 
16 1
34 
17 4
39 
127 
128 
403 
19 1
420 
-0.290000 20
0 4
36 
311 
324 
457 
1 1
270 
2 4
236 
297 
323 
460 
3 5
21 
206 
214 
295 
334 
4 3
137 
262 
343 
5 2
37 
336 
6 2
7 
13 
7 1
240 
8 1
387 
9 2
203 
413 
10 3
12 
439 
492 
11 3
289 
416 
498 
12 2
146 
455 
13 4
319 
335 
400 
442 
14 5
56 
79 
88 
424 
471 
15 2
160 
340 
16 2
22 
123 
17 4
102 
210 
259 
463 
18 3
21 
22 
498 
19 2
307 
341 
-0.340000 20
0 1
216 
1 1
452 
2 3
161 
336 
407 
3 1
62 
4 1
183 
5 1
151 
6 1
48 
7 3
95 
143 
270 
8 2
267 
483 
9 2
111 
478 
10 2
76 
314 
11 3
108 
258 
338 
12 1
142 
13 2
376 
461 
14 1
18 
15 1
317 
16 4
167 
228 
233 
386 
17 2
131 
458 
18 1
210 
19 1
452 
0.160000 20
0 6
54 
55 
64 
65 
338 
382 
1 3
49 
214 
256 
2 6
334 
355 
394 
466 
487 
499 
3 5
6 
63 
216 
373 
471 
4 5
235 
241 
247 
268 
438 
5 6
126 
152 
177 
200 
377 
384 
6 3
221 
327 
489 
7 10
47 
83 
98 
294 
300 
307 
395 
441 
471 
498 
8 5
106 
135 
140 
339 
351 
9 2
226 
395 
10 6
78 
241 
298 
326 
391 
463 
11 4
38 
311 
462 
470 
12 11
40 
82 
211 
279 
291 
305 
332 
371 
402 
462 
475 
13 4
71 
80 
420 
428 
14 3
14 
127 
353 
15 6
149 
170 
339 
352 
385 
410 
16 8
20 
31 
88 
91 
310 
401 
464 
478 
17 5
45 
130 
166 
252 
472 
18 5
50 
156 
287 
487 
488 
19 5
3 
62 
112 
146 
171 
-0.120000 20
0 19
1 
44 
122 
131 
208 
218 
234 
243 
250 
269 
272 
278 
281 
304 
314 
341 
350 
364 
401 
1 17
19 
91 
109 
110 
158 
160 
177 
245 
303 
329 
397 
407 
428 
440 
446 
467 
469 
2 12
60 
64 
127 
158 
167 
254 
321 
356 
384 
421 
428 
436 
3 14
45 
102 
140 
145 
283 
288 
321 
323 
343 
362 
371 
413 
435 
487 
4 12
38 
52 
69 
84 
131 
175 
191 
244 
297 
298 
325 
423 
5 7
12 
58 
99 
199 
259 
349 
356 
6 15
67 
102 
144 
173 
204 
205 
228 
243 
300 
335 
394 
409 
464 
481 
499 
7 13
11 
31 
92 
96 
118 
164 
186 
202 
229 
273 
346 
413 
492 
8 9
49 
96 
252 
261 
271 
300 
336 
489 
492 
9 8
108 
115 
220 
240 
272 
365 
372 
407 
10 11
47 
82 
114 
151 
191 
197 
277 
343 
371 
384 
401 
11 9
35 
42 
70 
134 
168 
219 
280 
345 
367 
12 16
1 
9 
140 
158 
163 
186 
230 
240 
243 
260 
304 
343 
363 
377 
395 
460 
13 8
6 
34 
40 
148 
218 
387 
424 
441 
14 6
37 
74 
204 
234 
311 
421 
15 9
7 
41 
180 
204 
232 
251 
328 
402 
471 
16 15
111 
144 
145 
203 
238 
299 
314 
316 
356 
357 
358 
391 
406 
425 
454 
17 16
38 
54 
95 
98 
119 
138 
141 
167 
206 
267 
279 
318 
346 
387 
389 
460 
18 13
51 
79 
103 
104 
120 
128 
163 
180 
187 
216 
269 
315 
429 
19 14
70 
92 
139 
148 
170 
203 
220 
263 
298 
339 
410 
419 
459 
461 
0.630000 1
16 1
198 
-0.010000 20
0 17
5 
21 
31 
42 
51 
97 
118 
135 
156 
192 
247 
285 
313 
353 
360 
394 
493 
1 17
8 
48 
159 
211 
221 
246 
294 
339 
362 
367 
390 
394 
414 
442 
443 
463 
483 
2 15
35 
46 
79 
164 
173 
232 
246 
268 
299 
314 
335 
360 
367 
437 
447 
3 10
15 
43 
173 
213 
222 
228 
230 
241 
244 
386 
4 15
1 
10 
15 
22 
85 
113 
128 
211 
214 
285 
291 
330 
354 
365 
369 
5 11
105 
142 
167 
169 
198 
201 
274 
359 
423 
486 
491 
6 14
52 
93 
167 
169 
180 
309 
331 
344 
370 
384 
386 
402 
485 
491 
7 22
2 
42 
66 
81 
88 
89 
120 
127 
152 
162 
190 
197 
233 
248 
274 
305 
325 
334 
336 
407 
422 
497 
8 12
13 
14 
127 
139 
161 
203 
255 
302 
428 
438 
469 
481 
9 9
2 
44 
70 
175 
198 
305 
349 
375 
429 
10 21
38 
41 
59 
104 
113 
124 
188 
233 
240 
256 
322 
339 
349 
358 
417 
423 
429 
431 
453 
461 
483 
11 11
15 
59 
137 
242 
309 
383 
385 
396 
402 
421 
493 
12 17
13 
55 
83 
101 
125 
181 
204 
248 
251 
271 
299 
302 
368 
400 
433 
488 
490 
13 5
98 
156 
169 
256 
366 
14 15
8 
59 
109 
117 
124 
212 
224 
225 
236 
257 
266 
306 
332 
433 
465 
15 4
258 
347 
357 
367 
16 16
10 
36 
40 
100 
115 
118 
121 
164 
202 
260 
339 
376 
384 
389 
462 
499 
17 15
18 
88 
124 
125 
144 
163 
164 
245 
261 
266 
293 
411 
414 
447 
466 
18 8
85 
127 
318 
328 
383 
450 
452 
483 
19 20
14 
27 
44 
57 
78 
113 
120 
124 
140 
201 
260 
262 
283 
363 
385 
386 
392 
405 
468 
475 
0.340000 9
1 1
401 
6 1
34 
8 1
293 
9 1
391 
10 2
279 
325 
11 1
68 
13 1
450 
14 1
185 
15 2
282 
290 
-0.410000 9
2 1
327 
5 1
212 
6 1
202 
9 1
147 
11 1
392 
14 1
286 
16 1
182 
17 1
455 
18 1
88 
-0.180000 20
0 13
4 
35 
90 
105 
125 
130 
165 
204 
225 
291 
368 
391 
454 
1 6
115 
140 
247 
248 
254 
421 
2 10
24 
143 
163 
170 
235 
277 
371 
375 
376 
451 
3 9
26 
32 
143 
193 
227 
294 
374 
384 
422 
4 9
34 
130 
233 
234 
305 
399 
432 
447 
469 
5 6
53 
57 
63 
251 
263 
309 
6 5
47 
336 
342 
356 
379 
7 9
116 
170 
184 
234 
237 
342 
412 
435 
438 
8 13
60 
91 
196 
237 
258 
266 
272 
316 
321 
397 
401 
410 
487 
9 6
67 
78 
243 
281 
321 
414 
10 1
399 
11 6
4 
271 
285 
424 
454 
459 
12 9
19 
87 
93 
171 
218 
409 
415 
448 
498 
13 7
0 
162 
206 
347 
351 
382 
489 
14 10
30 
48 
89 
94 
197 
205 
210 
256 
275 
404 
15 6
119 
297 
371 
419 
469 
499 
16 4
156 
250 
312 
381 
17 6
51 
69 
229 
285 
350 
360 
18 6
23 
176 
400 
435 
455 
489 
19 5
15 
56 
258 
332 
478 
0.470000 3
17 1
358 
5 1
222 
14 1
87 
-0.070000 20
0 12
39 
154 
167 
193 
200 
246 
257 
292 
351 
411 
461 
486 
1 18
25 
58 
83 
88 
98 
119 
137 
152 
169 
170 
181 
190 
235 
286 
309 
318 
363 
405 
2 12
23 
102 
142 
146 
162 
218 
247 
280 
298 
475 
484 
497 
3 15
4 
7 
14 
25 
86 
92 
146 
151 
177 
189 
221 
309 
342 
348 
356 
4 20
32 
59 
63 
89 
133 
154 
171 
185 
216 
289 
309 
314 
326 
362 
368 
397 
459 
476 
484 
495 
5 21
14 
15 
16 
26 
27 
69 
78 
88 
153 
179 
246 
321 
350 
361 
398 
401 
409 
413 
416 
450 
454 
6 11
42 
46 
57 
104 
186 
211 
274 
311 
423 
486 
498 
7 9
16 
21 
142 
155 
226 
232 
289 
297 
496 
8 14
33 
67 
132 
195 
227 
234 
322 
334 
360 
376 
382 
419 
435 
499 
9 10
21 
33 
166 
182 
196 
227 
278 
294 
360 
465 
10 15
6 
13 
49 
102 
130 
147 
172 
192 
222 
232 
275 
311 
360 
387 
436 
11 12
72 
73 
123 
184 
198 
232 
264 
266 
268 
330 
347 
449 
12 16
0 
3 
48 
124 
157 
179 
183 
221 
236 
261 
269 
273 
317 
340 
420 
450 
13 15
15 
53 
127 
134 
141 
204 
226 
236 
273 
317 
360 
372 
393 
463 
465 
14 17
58 
65 
104 
133 
144 
175 
191 
203 
237 
250 
252 
253 
262 
331 
388 
454 
489 
15 17
45 
50 
51 
84 
94 
106 
137 
169 
181 
236 
243 
279 
312 
404 
454 
477 
496 
16 12
3 
63 
80 
101 
128 
131 
146 
230 
287 
326 
400 
467 
17 11
35 
36 
68 
129 
160 
169 
284 
338 
410 
416 
467 
18 15
25 
35 
43 
84 
237 
240 
245 
285 
301 
323 
364 
382 
428 
468 
495 
19 14
13 
25 
46 
51 
53 
162 
221 
243 
292 
311 
466 
467 
485 
490 
-0.240000 20
0 4
91 
312 
340 
455 
1 4
29 
80 
210 
364 
2 9
126 
145 
165 
214 
318 
343 
346 
404 
471 
3 5
67 
196 
287 
336 
465 
4 6
58 
116 
163 
385 
414 
482 
5 2
482 
488 
6 6
16 
184 
188 
196 
325 
408 
7 3
85 
149 
414 
8 9
72 
78 
185 
191 
209 
219 
347 
476 
484 
9 6
14 
210 
211 
232 
431 
460 
10 6
195 
257 
333 
372 
466 
474 
11 4
186 
263 
377 
403 
12 6
6 
96 
165 
187 
232 
254 
13 4
76 
105 
184 
370 
14 9
55 
71 
80 
119 
157 
188 
192 
274 
456 
15 5
187 
379 
392 
426 
468 
16 6
42 
47 
195 
234 
292 
368 
17 3
25 
380 
430 
18 5
89 
101 
192 
219 
227 
19 7
93 
98 
177 
276 
302 
327 
495 
-0.190000 20
0 5
37 
210 
287 
288 
373 
1 4
81 
225 
275 
345 
2 6
19 
171 
204 
289 
295 
310 
3 7
47 
55 
139 
223 
251 
252 
389 
4 8
118 
135 
143 
148 
155 
349 
390 
427 
5 8
73 
114 
149 
193 
323 
380 
445 
483 
6 10
10 
20 
193 
195 
263 
313 
340 
359 
399 
427 
7 12
43 
74 
168 
185 
245 
327 
340 
398 
443 
462 
487 
489 
8 7
7 
17 
22 
186 
263 
295 
381 
9 12
82 
116 
122 
156 
191 
194 
204 
301 
400 
434 
437 
470 
10 5
36 
80 
154 
227 
285 
11 7
125 
156 
157 
230 
256 
327 
479 
12 7
54 
57 
71 
143 
166 
399 
423 
13 11
106 
243 
272 
274 
282 
287 
323 
403 
435 
482 
488 
14 7
99 
100 
158 
248 
341 
380 
446 
15 5
196 
256 
372 
378 
411 
16 9
4 
17 
69 
297 
323 
375 
414 
420 
446 
17 4
271 
432 
433 
484 
18 8
49 
100 
110 
169 
249 
372 
393 
497 
19 6
121 
175 
255 
297 
321 
326 
-0.200000 20
0 5
194 
274 
316 
334 
459 
1 8
64 
67 
82 
135 
290 
320 
326 
499 
2 6
192 
284 
311 
328 
418 
453 
3 4
229 
331 
349 
431 
4 7
25 
200 
258 
281 
299 
430 
451 
5 8
118 
120 
157 
183 
269 
363 
464 
494 
6 7
5 
11 
49 
177 
182 
238 
469 
7 12
5 
53 
90 
207 
217 
236 
238 
309 
331 
377 
396 
481 
8 8
21 
69 
83 
162 
223 
348 
349 
415 
9 9
62 
85 
103 
118 
173 
218 
313 
417 
489 
10 8
25 
75 
267 
270 
334 
336 
348 
424 
11 8
9 
11 
76 
91 
257 
275 
464 
495 
12 7
18 
162 
167 
192 
222 
245 
429 
13 7
47 
81 
194 
195 
212 
267 
305 
14 7
67 
68 
147 
233 
247 
312 
413 
15 6
1 
69 
172 
311 
474 
497 
16 6
142 
231 
237 
362 
409 
432 
17 4
116 
191 
226 
425 
18 4
16 
87 
336 
490 
19 7
103 
122 
142 
191 
218 
248 
274 
-0.440000 8
3 1
98 
5 1
211 
6 1
277 
10 1
180 
11 1
391 
14 1
461 
16 4
49 
62 
158 
175 
18 1
174 
0.350000 4
16 1
494 
1 2
323 
380 
13 1
298 
15 1
399 
-0.050000 20
0 17
24 
30 
85 
123 
158 
184 
209 
298 
344 
367 
403 
410 
414 
432 
443 
466 
468 
1 12
186 
223 
232 
249 
301 
331 
337 
376 
427 
435 
455 
492 
2 20
22 
44 
54 
89 
90 
107 
121 
131 
132 
152 
210 
228 
255 
315 
317 
333 
417 
427 
434 
443 
3 10
33 
61 
96 
97 
122 
192 
194 
271 
407 
493 
4 11
2 
50 
99 
136 
149 
158 
182 
187 
331 
351 
455 
5 13
45 
127 
132 
147 
194 
303 
351 
362 
406 
407 
425 
460 
481 
6 12
4 
9 
53 
68 
105 
131 
170 
291 
357 
380 
415 
496 
7 9
100 
175 
183 
212 
299 
322 
350 
469 
473 
8 16
9 
30 
43 
54 
65 
110 
158 
187 
238 
243 
273 
290 
323 
416 
418 
430 
9 23
7 
9 
59 
102 
104 
128 
164 
201 
202 
221 
228 
230 
293 
300 
345 
362 
363 
367 
376 
404 
466 
475 
499 
10 19
46 
56 
87 
107 
111 
116 
183 
199 
202 
214 
216 
251 
297 
373 
407 
409 
411 
433 
493 
11 10
10 
131 
136 
161 
226 
228 
251 
298 
408 
497 
12 16
52 
118 
149 
175 
185 
191 
226 
290 
300 
309 
321 
374 
381 
387 
406 
437 
13 9
12 
38 
54 
108 
159 
167 
248 
438 
474 
14 8
15 
47 
146 
189 
194 
251 
376 
425 
15 12
79 
87 
143 
156 
237 
330 
356 
359 
361 
370 
405 
460 
16 13
124 
137 
143 
165 
208 
241 
329 
354 
366 
374 
382 
483 
486 
17 12
5 
80 
97 
120 
170 
246 
258 
304 
342 
366 
368 
418 
18 23
6 
18 
30 
82 
125 
166 
215 
229 
251 
256 
258 
316 
350 
357 
371 
409 
441 
447 
463 
465 
482 
486 
496 
19 17
24 
38 
117 
130 
210 
215 
223 
249 
268 
312 
318 
354 
411 
412 
453 
457 
491 
-0.100000 20
0 13
16 
17 
34 
84 
171 
195 
245 
251 
267 
308 
365 
429 
497 
1 11
33 
112 
131 
163 
164 
165 
196 
227 
274 
330 
474 
2 9
26 
137 
153 
188 
219 
241 
249 
319 
338 
3 13
22 
65 
84 
108 
109 
160 
240 
275 
293 
315 
398 
415 
426 
4 15
16 
139 
217 
227 
264 
274 
280 
284 
344 
376 
391 
411 
454 
460 
473 
5 14
5 
32 
60 
92 
133 
277 
301 
365 
388 
418 
419 
467 
469 
470 
6 15
31 
41 
50 
103 
118 
130 
207 
240 
297 
374 
385 
412 
425 
435 
470 
7 10
56 
61 
86 
138 
268 
362 
369 
393 
423 
442 
8 14
73 
84 
153 
177 
192 
242 
268 
342 
362 
380 
393 
432 
442 
446 
9 18
19 
28 
37 
88 
98 
119 
174 
229 
234 
248 
282 
368 
402 
405 
452 
453 
456 
482 
10 11
5 
43 
95 
126 
134 
209 
238 
261 
308 
309 
481 
11 12
41 
57 
83 
174 
180 
218 
300 
326 
336 
348 
378 
433 
12 6
68 
94 
188 
199 
410 
419 
13 12
33 
107 
121 
140 
177 
179 
201 
241 
388 
433 
476 
494 
14 8
11 
24 
172 
279 
302 
351 
395 
494 
15 13
6 
68 
112 
210 
219 
235 
301 
306 
314 
418 
436 
444 
466 
16 13
81 
122 
161 
166 
171 
272 
367 
373 
387 
407 
437 
445 
459 
17 9
52 
92 
198 
201 
204 
255 
294 
321 
476 
18 8
147 
161 
177 
201 
241 
255 
307 
338 
19 11
42 
65 
128 
141 
161 
273 
324 
346 
371 
438 
479 
0.080000 20
0 15
57 
70 
100 
134 
138 
153 
161 
174 
244 
249 
385 
395 
396 
402 
421 
1 8
41 
191 
288 
347 
391 
466 
476 
497 
2 6
7 
56 
208 
264 
307 
396 
3 6
70 
153 
182 
353 
438 
466 
4 11
21 
72 
73 
86 
125 
150 
169 
176 
248 
339 
389 
5 10
29 
107 
128 
131 
136 
158 
176 
204 
299 
437 
6 13
56 
97 
121 
152 
161 
219 
241 
312 
323 
348 
375 
397 
476 
7 9
104 
130 
158 
182 
195 
279 
366 
456 
474 
8 13
23 
112 
130 
143 
208 
212 
241 
294 
324 
421 
468 
496 
497 
9 10
38 
54 
92 
256 
259 
441 
442 
458 
484 
488 
10 11
55 
61 
121 
144 
220 
352 
364 
396 
426 
434 
442 
11 10
52 
116 
133 
158 
205 
291 
306 
371 
380 
407 
12 8
100 
195 
267 
278 
372 
398 
480 
482 
13 13
4 
35 
57 
61 
69 
114 
166 
173 
222 
242 
411 
454 
497 
14 9
46 
50 
92 
101 
305 
359 
383 
464 
493 
15 14
71 
99 
109 
141 
146 
152 
226 
248 
269 
302 
333 
448 
485 
490 
16 6
46 
150 
219 
239 
352 
441 
17 8
31 
63 
65 
241 
291 
352 
378 
439 
18 12
12 
68 
194 
202 
209 
242 
262 
331 
353 
366 
370 
384 
19 10
7 
29 
60 
79 
107 
145 
267 
295 
379 
463 
0.120000 20
0 7
18 
27 
45 
276 
348 
423 
496 
1 9
21 
56 
148 
257 
267 
344 
349 
370 
462 
2 5
53 
114 
339 
350 
372 
3 5
11 
38 
59 
368 
439 
4 8
193 
203 
347 
421 
425 
429 
465 
477 
5 9
42 
50 
100 
159 
209 
291 
371 
374 
468 
6 9
139 
155 
157 
283 
333 
334 
368 
411 
465 
7 7
0 
1 
258 
355 
380 
387 
475 
8 9
103 
160 
233 
275 
313 
372 
444 
490 
495 
9 6
53 
251 
364 
369 
448 
477 
10 8
62 
65 
221 
235 
246 
253 
462 
477 
11 6
48 
100 
163 
340 
361 
384 
12 11
70 
154 
156 
203 
220 
274 
326 
357 
385 
464 
492 
13 10
64 
97 
99 
113 
122 
328 
395 
415 
421 
449 
14 9
0 
102 
103 
111 
137 
267 
463 
496 
497 
15 13
13 
17 
95 
122 
123 
127 
129 
130 
199 
209 
220 
266 
303 
16 11
120 
132 
149 
194 
200 
265 
309 
331 
350 
415 
455 
17 9
47 
62 
122 
251 
297 
335 
364 
397 
444 
18 4
139 
300 
438 
451 
19 8
10 
213 
365 
435 
442 
451 
460 
492 
-0.270000 18
0 2
82 
380 
1 4
111 
377 
399 
485 
2 6
39 
176 
213 
342 
431 
450 
3 2
75 
83 
4 9
36 
37 
42 
132 
159 
249 
408 
412 
463 
5 4
189 
213 
268 
381 
6 3
293 
421 
458 
8 1
262 
9 1
205 
10 2
105 
449 
11 5
28 
130 
222 
346 
359 
12 3
239 
259 
262 
13 4
249 
311 
345 
466 
14 3
390 
457 
466 
16 3
66 
116 
348 
17 3
2 
212 
481 
18 5
53 
59 
217 
392 
414 
19 2
90 
389 
-0.210000 20
0 8
46 
150 
160 
166 
221 
372 
418 
450 
1 4
146 
341 
381 
479 
2 6
73 
82 
123 
227 
301 
395 
3 9
82 
178 
183 
235 
257 
304 
344 
445 
473 
4 8
17 
215 
329 
361 
400 
410 
415 
483 
5 6
1 
33 
310 
326 
327 
492 
6 5
22 
142 
259 
307 
361 
7 11
15 
19 
37 
137 
167 
242 
287 
304 
313 
339 
384 
8 5
119 
343 
344 
400 
402 
9 5
26 
83 
184 
241 
444 
10 2
159 
163 
11 6
8 
95 
169 
272 
351 
354 
12 8
25 
74 
114 
147 
190 
238 
249 
313 
13 5
191 
215 
303 
340 
355 
14 7
57 
181 
206 
227 
322 
414 
416 
15 8
2 
67 
93 
118 
136 
231 
318 
422 
16 6
227 
248 
259 
274 
319 
452 
17 7
9 
217 
270 
307 
330 
452 
485 
18 7
58 
96 
142 
321 
345 
423 
466 
19 7
61 
91 
190 
196 
217 
237 
344 
0.070000 20
0 15
2 
62 
95 
108 
157 
224 
237 
283 
284 
325 
347 
458 
464 
488 
494 
1 7
51 
114 
153 
178 
216 
217 
366 
2 16
1 
4 
6 
45 
66 
72 
179 
197 
215 
225 
248 
351 
409 
433 
494 
495 
3 13
1 
5 
138 
155 
164 
188 
209 
281 
298 
305 
306 
427 
492 
4 9
67 
95 
109 
177 
204 
267 
303 
383 
480 
5 10
44 
48 
135 
233 
260 
273 
279 
320 
337 
347 
6 13
25 
66 
77 
83 
208 
248 
249 
268 
271 
332 
390 
451 
475 
7 6
8 
174 
219 
224 
388 
494 
8 9
41 
42 
97 
150 
171 
173 
188 
216 
451 
9 5
36 
114 
149 
340 
370 
10 11
24 
45 
66 
86 
123 
135 
302 
378 
416 
446 
469 
11 10
27 
29 
32 
132 
199 
363 
389 
441 
480 
488 
12 6
122 
173 
212 
288 
443 
458 
13 7
3 
103 
171 
224 
228 
279 
437 
14 12
2 
5 
33 
39 
86 
123 
138 
140 
163 
164 
272 
426 
15 13
16 
39 
49 
64 
128 
155 
157 
249 
308 
332 
386 
417 
482 
16 14
45 
93 
105 
199 
226 
256 
270 
285 
321 
371 
388 
435 
463 
476 
17 14
42 
49 
215 
235 
247 
301 
302 
319 
324 
392 
399 
482 
489 
499 
18 7
158 
264 
305 
369 
373 
454 
459 
19 11
21 
33 
69 
164 
169 
289 
314 
361 
372 
391 
455 
0.090000 20
0 9
25 
110 
137 
203 
235 
260 
268 
277 
381 
1 6
113 
200 
224 
228 
252 
328 
2 9
3 
27 
32 
48 
200 
239 
245 
416 
488 
3 8
114 
256 
261 
310 
355 
404 
441 
467 
4 12
4 
20 
54 
61 
70 
145 
151 
181 
277 
334 
442 
496 
5 5
217 
232 
333 
343 
485 
6 10
24 
72 
73 
96 
127 
151 
253 
269 
414 
418 
7 8
192 
227 
295 
348 
382 
391 
394 
400 
8 7
95 
104 
128 
215 
281 
296 
443 
9 12
39 
61 
131 
180 
209 
214 
306 
312 
354 
390 
440 
464 
10 7
64 
97 
249 
306 
318 
445 
451 
11 12
24 
61 
153 
178 
194 
202 
243 
301 
307 
312 
369 
465 
12 16
34 
111 
127 
168 
200 
247 
272 
301 
322 
366 
390 
397 
435 
445 
453 
491 
13 15
36 
58 
63 
67 
96 
118 
120 
220 
238 
258 
315 
349 
369 
384 
469 
14 8
26 
51 
207 
221 
402 
467 
468 
475 
15 14
48 
75 
115 
125 
159 
179 
207 
208 
255 
283 
288 
289 
327 
351 
16 5
18 
37 
60 
217 
252 
17 12
17 
41 
44 
79 
90 
121 
135 
145 
205 
292 
353 
498 
18 9
60 
151 
191 
273 
324 
385 
420 
440 
453 
19 9
12 
36 
83 
275 
281 
380 
430 
446 
498 
-0.390000 12
1 1
489 
2 1
370 
4 1
452 
5 2
216 
264 
6 1
468 
7 2
6 
482 
8 1
20 
9 1
112 
13 2
145 
457 
14 1
261 
17 1
462 
19 1
403 
-0.110000 20
0 18
60 
74 
83 
99 
140 
180 
187 
201 
233 
253 
295 
302 
343 
355 
356 
361 
404 
438 
1 13
54 
63 
74 
76 
168 
188 
266 
271 
333 
359 
398 
456 
487 
2 11
18 
78 
87 
116 
133 
139 
157 
251 
261 
324 
430 
3 13
20 
23 
72 
105 
245 
259 
272 
326 
365 
385 
399 
418 
476 
4 8
115 
126 
167 
256 
307 
332 
346 
472 
5 10
3 
39 
102 
210 
249 
325 
417 
421 
422 
424 
6 19
26 
55 
59 
69 
75 
141 
187 
201 
210 
223 
244 
245 
272 
282 
299 
406 
407 
433 
440 
7 14
20 
22 
114 
211 
228 
244 
319 
337 
343 
354 
418 
455 
458 
466 
8 12
8 
75 
113 
148 
172 
207 
246 
264 
359 
378 
434 
462 
9 8
71 
130 
153 
159 
161 
212 
341 
397 
10 17
146 
164 
184 
206 
226 
228 
245 
265 
280 
338 
361 
362 
398 
464 
491 
496 
499 
11 16
22 
54 
104 
179 
221 
270 
276 
277 
304 
368 
376 
434 
452 
456 
477 
491 
12 14
11 
58 
79 
85 
148 
160 
176 
234 
280 
330 
361 
362 
364 
463 
13 14
7 
13 
25 
60 
65 
75 
207 
292 
348 
352 
353 
408 
432 
484 
14 14
10 
70 
155 
174 
219 
238 
242 
245 
342 
344 
350 
369 
400 
450 
15 8
15 
44 
54 
58 
174 
321 
329 
446 
16 9
2 
57 
64 
71 
127 
206 
344 
453 
457 
17 5
48 
186 
240 
334 
381 
18 14
61 
94 
186 
188 
199 
206 
212 
228 
317 
354 
358 
380 
460 
476 
19 6
68 
116 
123 
157 
183 
484 
-0.080000 20
0 14
9 
101 
102 
127 
149 
239 
300 
301 
318 
323 
326 
407 
445 
467 
1 11
35 
171 
206 
298 
319 
336 
342 
378 
406 
408 
488 
2 20
31 
50 
74 
113 
134 
144 
187 
191 
196 
199 
222 
223 
258 
352 
374 
379 
390 
419 
438 
455 
3 20
31 
60 
106 
121 
129 
141 
142 
175 
176 
258 
278 
311 
359 
361 
366 
378 
436 
457 
495 
498 
4 10
166 
232 
243 
253 
345 
375 
404 
434 
464 
466 
5 9
17 
98 
168 
228 
231 
367 
373 
375 
446 
6 15
45 
163 
176 
181 
190 
212 
231 
232 
265 
351 
369 
405 
437 
461 
479 
7 9
113 
181 
198 
216 
262 
282 
330 
401 
476 
8 6
120 
235 
245 
311 
375 
448 
9 18
0 
3 
12 
81 
140 
150 
158 
183 
190 
193 
199 
249 
260 
315 
344 
373 
426 
483 
10 11
70 
71 
174 
208 
304 
357 
389 
400 
444 
473 
498 
11 11
16 
20 
25 
51 
85 
90 
197 
217 
337 
344 
438 
12 16
24 
56 
72 
105 
182 
228 
231 
265 
292 
308 
344 
347 
382 
446 
447 
484 
13 23
17 
21 
70 
102 
111 
119 
147 
165 
180 
202 
221 
225 
262 
283 
327 
330 
373 
410 
422 
425 
436 
452 
456 
14 22
38 
40 
72 
98 
160 
167 
228 
231 
239 
264 
280 
296 
316 
317 
324 
360 
407 
430 
443 
449 
485 
498 
15 8
30 
74 
176 
182 
254 
271 
407 
494 
16 8
109 
190 
221 
229 
236 
405 
419 
443 
17 10
43 
70 
81 
123 
126 
162 
189 
262 
359 
454 
18 12
20 
42 
111 
171 
226 
310 
311 
329 
389 
390 
404 
443 
19 16
39 
72 
94 
105 
106 
125 
135 
136 
270 
278 
310 
367 
368 
408 
481 
493 
0.480000 3
10 1
230 
5 1
237 
14 1
186 
0.260000 17
1 3
100 
155 
412 
2 6
12 
226 
293 
373 
387 
493 
3 3
273 
376 
491 
4 1
226 
5 3
19 
393 
426 
6 1
284 
7 3
82 
128 
251 
8 2
145 
184 
11 2
145 
399 
12 1
37 
13 1
405 
14 3
149 
218 
320 
15 1
250 
16 1
24 
17 2
113 
280 
18 1
442 
19 2
333 
447 
-0.130000 20
0 8
120 
124 
172 
275 
392 
451 
456 
471 
1 15
3 
24 
69 
71 
120 
166 
184 
255 
260 
273 
369 
384 
422 
424 
457 
2 11
55 
84 
94 
148 
270 
380 
399 
402 
444 
465 
496 
3 13
17 
19 
41 
165 
179 
187 
337 
347 
363 
387 
402 
416 
449 
4 9
47 
153 
186 
252 
273 
283 
315 
316 
490 
5 15
22 
40 
56 
64 
103 
172 
275 
302 
304 
338 
339 
368 
443 
448 
499 
6 10
3 
15 
108 
153 
426 
441 
444 
445 
447 
455 
7 8
68 
187 
200 
220 
428 
477 
480 
486 
8 9
3 
4 
61 
89 
94 
108 
178 
392 
433 
9 12
77 
87 
121 
247 
327 
328 
378 
419 
432 
449 
471 
473 
10 9
9 
40 
136 
145 
178 
242 
292 
365 
392 
11 15
87 
92 
124 
177 
195 
236 
259 
288 
292 
305 
332 
432 
435 
448 
496 
12 9
75 
95 
99 
152 
268 
276 
369 
454 
493 
13 8
14 
155 
271 
306 
316 
342 
440 
448 
14 16
25 
84 
130 
131 
150 
170 
216 
226 
281 
303 
330 
357 
365 
486 
487 
490 
15 7
3 
91 
205 
230 
293 
320 
360 
16 9
51 
77 
113 
249 
293 
294 
337 
359 
413 
17 12
3 
66 
86 
175 
183 
184 
213 
273 
296 
332 
377 
446 
18 16
38 
39 
57 
77 
83 
95 
107 
135 
152 
236 
246 
265 
343 
376 
445 
475 
19 12
37 
102 
144 
158 
240 
259 
264 
303 
398 
407 
445 
483 
-0.460000 7
0 1
310 
5 1
289 
6 1
278 
7 1
465 
10 1
22 
14 1
334 
18 2
289 
467 
-0.030000 20
0 11
23 
79 
88 
176 
186 
205 
211 
231 
258 
371 
377 
1 15
17 
30 
59 
127 
147 
192 
230 
238 
304 
321 
322 
417 
420 
441 
494 
2 17
20 
21 
105 
135 
184 
202 
216 
233 
238 
240 
256 
259 
288 
411 
424 
435 
473 
3 16
30 
36 
57 
80 
99 
162 
181 
198 
260 
267 
297 
303 
405 
455 
463 
499 
4 7
213 
224 
294 
353 
394 
396 
440 
5 8
4 
21 
23 
178 
187 
287 
355 
411 
6 12
110 
124 
128 
136 
154 
216 
227 
288 
314 
396 
480 
487 
7 19
3 
13 
17 
97 
101 
107 
122 
125 
156 
194 
208 
218 
285 
288 
296 
312 
317 
341 
432 
8 13
6 
35 
79 
141 
180 
199 
230 
231 
278 
291 
325 
338 
424 
9 18
43 
120 
162 
224 
244 
297 
298 
309 
311 
339 
342 
371 
385 
408 
411 
422 
472 
495 
10 16
8 
26 
89 
106 
212 
231 
236 
239 
254 
258 
268 
283 
385 
427 
457 
465 
11 12
126 
142 
150 
151 
154 
253 
373 
422 
451 
453 
463 
482 
12 16
33 
91 
135 
150 
178 
206 
263 
266 
283 
293 
380 
393 
411 
452 
456 
467 
13 16
109 
124 
163 
175 
232 
247 
266 
269 
289 
363 
379 
390 
398 
418 
458 
464 
14 6
44 
168 
270 
328 
337 
459 
15 22
19 
28 
29 
65 
117 
121 
139 
257 
261 
262 
284 
298 
304 
315 
319 
358 
391 
432 
476 
479 
481 
487 
16 11
1 
74 
97 
242 
254 
261 
266 
282 
283 
308 
393 
17 14
23 
87 
188 
236 
264 
313 
347 
363 
375 
420 
435 
445 
492 
496 
18 18
40 
64 
153 
159 
178 
183 
234 
248 
314 
330 
333 
355 
375 
381 
387 
388 
448 
481 
19 12
40 
76 
133 
200 
224 
231 
252 
280 
359 
381 
388 
470 
0.320000 13
0 1
422 
1 1
123 
3 2
73 
117 
4 1
324 
5 4
110 
219 
240 
316 
6 1
122 
7 1
360 
9 1
447 
11 1
247 
12 1
241 
14 1
427 
17 2
290 
487 
19 1
22 
0.370000 10
0 1
470 
1 1
426 
3 1
461 
5 1
115 
7 1
365 
10 1
281 
14 2
284 
432 
16 1
154 
18 1
121 
19 1
49 
-0.380000 14
0 1
126 
1 3
5 
70 
310 
3 1
101 
4 1
402 
6 1
138 
7 1
9 
8 1
482 
10 1
331 
11 2
122 
216 
12 1
295 
14 1
295 
17 1
7 
18 3
54 
168 
494 
19 1
230 
-0.060000 20
0 9
190 
293 
320 
333 
384 
389 
390 
446 
489 
1 11
26 
36 
60 
77 
134 
173 
215 
278 
295 
419 
423 
2 7
68 
108 
253 
389 
423 
439 
449 
3 11
8 
27 
49 
53 
81 
197 
317 
322 
406 
444 
459 
4 22
0 
13 
27 
31 
35 
62 
71 
96 
102 
157 
174 
251 
286 
296 
313 
348 
355 
367 
374 
426 
435 
491 
5 12
25 
90 
104 
134 
143 
163 
244 
372 
387 
442 
444 
484 
6 15
38 
90 
94 
99 
125 
168 
264 
341 
362 
363 
364 
403 
410 
416 
442 
7 11
7 
45 
62 
159 
176 
196 
213 
338 
419 
427 
444 
8 14
55 
85 
214 
240 
284 
287 
319 
335 
391 
408 
437 
447 
453 
454 
9 16
41 
52 
64 
97 
99 
132 
139 
169 
235 
347 
350 
379 
384 
388 
406 
436 
10 13
0 
57 
157 
167 
168 
210 
273 
310 
359 
393 
402 
454 
479 
11 18
14 
21 
46 
118 
121 
140 
207 
244 
261 
293 
323 
397 
418 
428 
430 
436 
490 
494 
12 12
16 
63 
134 
184 
208 
224 
323 
328 
346 
360 
365 
417 
13 16
9 
28 
73 
126 
158 
183 
192 
210 
314 
332 
337 
362 
365 
374 
414 
472 
14 10
21 
105 
115 
176 
183 
208 
406 
409 
435 
492 
15 13
37 
52 
114 
167 
190 
275 
278 
394 
396 
424 
427 
431 
463 
16 6
43 
50 
55 
179 
438 
465 
17 14
50 
109 
168 
181 
187 
221 
237 
254 
257 
354 
394 
436 
441 
495 
18 17
10 
93 
105 
131 
145 
150 
172 
184 
211 
259 
260 
272 
275 
332 
349 
449 
492 
19 14
52 
59 
86 
131 
156 
197 
241 
285 
366 
406 
414 
431 
486 
496 
-0.160000 20
0 8
87 
111 
151 
273 
309 
328 
332 
352 
1 9
1 
130 
198 
212 
242 
348 
350 
355 
454 
2 5
88 
262 
366 
432 
441 
3 12
46 
50 
77 
134 
263 
277 
313 
393 
410 
411 
421 
458 
4 9
97 
179 
184 
259 
338 
392 
409 
431 
478 
5 13
11 
13 
35 
41 
141 
247 
255 
290 
340 
390 
475 
487 
495 
6 14
0 
27 
37 
63 
98 
146 
150 
165 
194 
206 
301 
354 
438 
446 
7 8
36 
179 
275 
310 
326 
335 
416 
488 
8 14
10 
11 
51 
109 
114 
124 
131 
168 
244 
260 
312 
314 
439 
456 
9 6
13 
79 
155 
254 
283 
497 
10 9
31 
84 
88 
156 
262 
353 
354 
356 
487 
11 4
135 
265 
310 
356 
12 10
5 
50 
60 
66 
88 
141 
189 
193 
342 
414 
13 12
41 
146 
234 
259 
268 
281 
301 
324 
350 
394 
443 
483 
14 8
23 
106 
304 
315 
329 
368 
436 
491 
15 10
42 
92 
131 
161 
188 
217 
310 
421 
441 
443 
16 11
0 
11 
23 
70 
107 
140 
170 
207 
306 
424 
451 
17 12
37 
74 
112 
180 
268 
312 
314 
385 
413 
471 
491 
493 
18 11
15 
44 
130 
193 
225 
232 
257 
261 
266 
342 
469 
19 10
66 
85 
173 
184 
233 
316 
421 
423 
436 
456 
0.200000 19
0 3
147 
426 
463 
1 6
32 
72 
308 
325 
465 
498 
2 4
92 
98 
101 
420 
3 2
174 
328 
4 6
110 
199 
242 
292 
377 
417 
5 7
124 
174 
186 
191 
226 
297 
334 
6 3
51 
145 
494 
7 2
29 
344 
9 5
48 
51 
57 
106 
396 
10 4
90 
112 
217 
263 
11 4
47 
149 
152 
203 
12 3
107 
383 
461 
13 1
300 
14 3
3 
198 
202 
15 5
194 
241 
270 
291 
453 
16 4
119 
134 
177 
240 
17 2
357 
384 
18 2
69 
412 
19 5
73 
84 
119 
227 
315 
