20 400 17
0.500000 16
0 2
91 
281 
1 4
26 
55 
60 
161 
2 2
122 
369 
3 2
86 
92 
4 5
27 
325 
330 
334 
387 
6 3
159 
295 
354 
7 4
88 
89 
225 
344 
10 1
74 
12 3
54 
154 
302 
13 1
179 
14 4
97 
295 
310 
335 
15 2
179 
183 
16 3
33 
51 
345 
17 3
270 
347 
378 
18 1
262 
19 2
154 
297 
-0.500000 20
0 4
181 
187 
381 
382 
1 1
85 
2 3
8 
108 
113 
3 11
88 
89 
94 
99 
107 
110 
132 
143 
183 
355 
386 
4 1
313 
5 5
117 
311 
312 
336 
337 
6 4
172 
287 
341 
391 
7 5
63 
317 
334 
383 
388 
8 4
88 
133 
137 
141 
9 4
115 
178 
265 
311 
10 1
141 
11 3
42 
188 
194 
12 2
272 
275 
13 2
283 
314 
14 1
116 
15 2
41 
53 
16 7
14 
91 
115 
136 
140 
141 
333 
17 1
332 
18 4
93 
94 
186 
187 
19 2
181 
186 
0.400000 19
0 7
14 
184 
282 
285 
286 
302 
332 
1 2
25 
226 
2 9
34 
73 
92 
157 
281 
331 
357 
362 
368 
3 12
40 
70 
129 
131 
136 
182 
186 
265 
286 
337 
351 
382 
4 4
82 
247 
278 
284 
5 6
80 
81 
327 
340 
352 
392 
6 5
57 
58 
96 
333 
370 
7 12
25 
44 
124 
174 
192 
200 
217 
260 
270 
281 
336 
368 
8 3
297 
313 
329 
9 11
89 
222 
225 
232 
239 
285 
290 
291 
308 
361 
381 
10 2
195 
324 
12 4
229 
258 
259 
387 
13 7
102 
177 
178 
182 
183 
184 
362 
14 4
41 
185 
254 
296 
15 1
110 
16 9
50 
93 
109 
151 
193 
283 
287 
318 
340 
17 5
172 
173 
232 
297 
350 
18 3
12 
247 
257 
19 4
2 
38 
307 
354 
0.100000 20
0 79
8 
9 
13 
19 
21 
22 
25 
27 
31 
37 
40 
43 
47 
49 
50 
52 
55 
56 
60 
63 
64 
65 
68 
76 
78 
82 
95 
104 
109 
110 
114 
115 
119 
120 
121 
122 
125 
130 
135 
139 
140 
143 
147 
151 
152 
158 
164 
169 
179 
194 
201 
206 
207 
209 
225 
227 
247 
250 
254 
255 
263 
268 
270 
276 
278 
288 
298 
306 
308 
313 
324 
325 
341 
343 
352 
365 
370 
374 
384 
1 60
0 
3 
9 
14 
27 
31 
35 
53 
54 
59 
61 
66 
95 
97 
111 
116 
117 
118 
119 
125 
126 
131 
153 
155 
159 
167 
185 
195 
197 
198 
200 
211 
214 
228 
231 
252 
259 
264 
265 
271 
286 
297 
300 
302 
304 
305 
311 
321 
333 
344 
345 
349 
350 
351 
356 
365 
366 
370 
380 
391 
2 56
2 
15 
27 
28 
39 
46 
51 
55 
60 
61 
66 
67 
72 
96 
97 
100 
120 
123 
140 
143 
148 
174 
177 
186 
199 
201 
221 
223 
238 
247 
253 
257 
263 
270 
274 
278 
283 
290 
304 
305 
306 
307 
321 
322 
325 
326 
330 
332 
348 
351 
352 
354 
376 
379 
380 
382 
3 76
2 
3 
8 
9 
14 
22 
25 
26 
53 
58 
64 
69 
74 
77 
80 
84 
108 
114 
119 
125 
130 
140 
146 
149 
151 
153 
164 
170 
173 
174 
176 
196 
207 
208 
209 
216 
217 
222 
223 
227 
231 
232 
253 
258 
260 
264 
270 
291 
292 
295 
296 
299 
304 
305 
306 
312 
313 
314 
322 
328 
330 
334 
339 
340 
345 
354 
363 
365 
367 
375 
378 
379 
381 
389 
393 
395 
4 81
0 
2 
5 
15 
29 
38 
40 
45 
46 
47 
48 
49 
51 
55 
56 
70 
75 
77 
78 
87 
94 
100 
106 
115 
116 
124 
134 
135 
139 
145 
150 
152 
155 
159 
161 
166 
171 
184 
191 
192 
194 
197 
199 
210 
211 
228 
229 
243 
249 
256 
259 
261 
266 
267 
293 
294 
299 
303 
307 
311 
327 
332 
333 
337 
339 
354 
361 
363 
370 
371 
372 
375 
380 
382 
383 
388 
389 
391 
394 
396 
397 
5 77
4 
12 
15 
19 
25 
32 
33 
44 
52 
57 
65 
69 
70 
75 
76 
84 
85 
89 
92 
93 
102 
128 
129 
145 
166 
169 
170 
171 
174 
180 
184 
190 
191 
195 
197 
199 
204 
211 
217 
219 
221 
223 
229 
236 
237 
247 
249 
252 
256 
257 
258 
270 
272 
276 
279 
289 
290 
293 
315 
319 
321 
322 
323 
324 
328 
329 
344 
348 
349 
353 
359 
366 
373 
374 
380 
396 
397 
6 81
2 
4 
6 
7 
9 
10 
14 
24 
29 
37 
40 
41 
46 
48 
56 
60 
72 
74 
75 
76 
77 
86 
90 
92 
93 
99 
103 
109 
110 
111 
112 
113 
125 
129 
151 
152 
154 
158 
178 
179 
184 
195 
197 
206 
210 
211 
221 
227 
232 
243 
254 
260 
261 
264 
278 
279 
290 
293 
302 
306 
309 
323 
324 
326 
329 
330 
331 
334 
339 
347 
349 
350 
357 
371 
373 
374 
376 
379 
384 
389 
398 
7 63
0 
5 
21 
22 
23 
33 
36 
40 
53 
61 
66 
71 
75 
84 
86 
87 
98 
104 
119 
122 
129 
142 
143 
153 
161 
167 
179 
185 
195 
201 
213 
226 
230 
233 
235 
240 
245 
252 
261 
267 
269 
274 
280 
285 
301 
303 
305 
311 
320 
329 
330 
340 
353 
356 
357 
365 
371 
378 
379 
385 
390 
391 
397 
8 93
12 
14 
21 
22 
35 
47 
50 
51 
55 
57 
59 
61 
63 
64 
67 
72 
77 
84 
102 
107 
108 
113 
119 
120 
124 
135 
144 
146 
150 
151 
154 
163 
166 
168 
169 
173 
174 
184 
190 
195 
196 
202 
207 
209 
210 
211 
214 
216 
221 
229 
230 
235 
246 
248 
251 
254 
255 
260 
261 
269 
270 
271 
275 
276 
277 
279 
286 
306 
309 
314 
316 
318 
321 
325 
328 
336 
337 
340 
343 
347 
350 
353 
360 
372 
373 
377 
384 
386 
392 
395 
396 
397 
399 
9 57
8 
14 
24 
32 
36 
52 
56 
66 
67 
69 
73 
88 
90 
97 
102 
109 
127 
132 
139 
143 
154 
173 
182 
189 
192 
193 
195 
197 
206 
207 
221 
226 
231 
240 
244 
245 
251 
270 
275 
280 
283 
284 
292 
295 
303 
307 
345 
346 
347 
351 
355 
360 
367 
370 
375 
380 
396 
10 86
9 
14 
15 
18 
23 
24 
43 
45 
46 
47 
62 
79 
82 
89 
90 
92 
94 
96 
98 
99 
102 
109 
124 
134 
139 
144 
149 
150 
151 
163 
164 
167 
185 
189 
191 
193 
198 
199 
200 
203 
204 
206 
208 
210 
213 
214 
222 
232 
236 
246 
248 
249 
253 
254 
259 
264 
267 
270 
273 
281 
285 
292 
295 
296 
297 
300 
304 
308 
317 
320 
321 
322 
323 
327 
340 
343 
345 
350 
351 
352 
354 
360 
361 
376 
382 
397 
11 74
0 
2 
10 
26 
34 
37 
38 
45 
50 
53 
55 
57 
61 
64 
68 
73 
77 
78 
90 
93 
107 
110 
111 
114 
120 
126 
130 
131 
132 
133 
135 
137 
138 
141 
142 
144 
150 
151 
156 
161 
165 
166 
167 
168 
206 
207 
220 
225 
228 
229 
234 
239 
241 
254 
256 
258 
260 
265 
269 
273 
274 
323 
327 
332 
341 
348 
361 
364 
380 
381 
390 
393 
397 
399 
12 74
2 
7 
9 
10 
26 
29 
31 
36 
42 
58 
75 
78 
82 
83 
84 
85 
90 
111 
113 
116 
120 
122 
128 
130 
132 
134 
135 
144 
155 
158 
161 
171 
179 
181 
184 
188 
193 
196 
200 
201 
205 
206 
220 
222 
230 
231 
233 
236 
238 
251 
252 
263 
264 
268 
269 
290 
296 
304 
307 
324 
329 
333 
335 
342 
344 
365 
371 
373 
377 
381 
384 
392 
395 
399 
13 77
1 
5 
6 
7 
15 
16 
20 
21 
25 
26 
33 
34 
35 
36 
40 
57 
58 
60 
62 
64 
67 
72 
79 
100 
107 
112 
121 
147 
153 
156 
161 
168 
175 
187 
194 
210 
212 
225 
231 
233 
235 
238 
240 
246 
247 
255 
256 
258 
261 
266 
267 
280 
285 
290 
295 
299 
305 
310 
311 
316 
320 
329 
332 
335 
341 
346 
356 
361 
373 
377 
378 
381 
382 
388 
394 
397 
399 
14 71
1 
7 
8 
10 
14 
22 
26 
34 
38 
39 
42 
43 
45 
49 
59 
72 
75 
76 
79 
82 
88 
94 
100 
101 
124 
125 
126 
130 
145 
160 
164 
169 
177 
179 
200 
201 
209 
214 
216 
219 
221 
225 
226 
243 
246 
247 
249 
251 
253 
259 
274 
275 
285 
298 
308 
311 
312 
317 
319 
323 
324 
340 
349 
370 
377 
380 
381 
383 
388 
394 
398 
15 65
25 
38 
45 
62 
77 
78 
80 
81 
88 
93 
98 
99 
112 
120 
125 
127 
130 
132 
134 
137 
138 
139 
142 
143 
160 
166 
175 
177 
180 
188 
190 
195 
196 
202 
220 
222 
228 
229 
285 
288 
290 
292 
293 
294 
295 
302 
305 
306 
309 
310 
316 
322 
326 
327 
330 
332 
335 
346 
347 
349 
354 
371 
382 
390 
394 
16 75
7 
8 
16 
17 
22 
27 
28 
38 
44 
57 
58 
59 
63 
73 
78 
88 
98 
100 
101 
114 
123 
129 
133 
134 
138 
139 
163 
172 
174 
176 
179 
185 
192 
194 
198 
199 
200 
201 
206 
211 
216 
219 
223 
224 
233 
245 
249 
255 
256 
266 
267 
269 
271 
275 
284 
307 
315 
317 
321 
327 
331 
337 
344 
346 
351 
352 
354 
356 
373 
376 
379 
386 
391 
392 
396 
17 55
7 
38 
44 
47 
60 
65 
81 
82 
91 
96 
103 
115 
141 
168 
180 
185 
192 
198 
199 
204 
211 
217 
219 
222 
224 
226 
231 
233 
237 
247 
251 
252 
253 
256 
274 
289 
292 
293 
295 
296 
298 
300 
302 
314 
325 
354 
375 
379 
383 
384 
388 
390 
394 
397 
399 
18 70
4 
9 
14 
15 
17 
20 
22 
40 
41 
48 
81 
82 
84 
86 
103 
127 
129 
131 
136 
149 
150 
158 
160 
162 
164 
200 
202 
205 
206 
208 
221 
226 
232 
234 
237 
238 
239 
248 
249 
265 
270 
278 
279 
280 
284 
289 
293 
294 
304 
313 
323 
324 
337 
339 
349 
351 
352 
357 
359 
366 
370 
371 
372 
377 
380 
383 
384 
388 
393 
397 
19 74
7 
9 
10 
11 
16 
20 
27 
32 
33 
34 
39 
41 
45 
46 
50 
54 
59 
63 
64 
72 
77 
85 
100 
109 
110 
115 
118 
122 
137 
139 
145 
161 
165 
171 
172 
208 
224 
228 
232 
235 
243 
247 
248 
253 
261 
262 
266 
269 
270 
275 
280 
284 
285 
289 
296 
298 
299 
305 
306 
315 
316 
318 
334 
336 
337 
340 
343 
364 
368 
369 
372 
378 
390 
395 
-0.600000 8
2 1
63 
3 1
361 
6 2
316 
317 
7 2
108 
292 
8 4
87 
92 
131 
138 
9 2
110 
335 
11 2
184 
189 
17 2
327 
365 
0.800000 1
13 1
189 
0.600000 8
0 1
327 
2 2
187 
282 
3 1
357 
7 3
187 
234 
282 
9 1
327 
13 1
354 
16 1
104 
19 1
37 
-0.700000 7
2 2
107 
114 
3 1
138 
5 1
306 
7 3
13 
313 
338 
8 1
132 
13 1
308 
16 1
96 
0.300000 20
0 18
23 
30 
79 
80 
83 
101 
102 
202 
204 
290 
301 
303 
307 
336 
351 
354 
356 
360 
1 11
65 
70 
156 
166 
172 
225 
227 
274 
295 
303 
367 
2 16
1 
24 
26 
111 
117 
178 
181 
183 
213 
241 
254 
277 
323 
363 
370 
371 
3 10
13 
55 
100 
106 
201 
210 
276 
281 
342 
388 
4 11
1 
93 
238 
248 
279 
288 
289 
298 
326 
355 
385 
5 15
40 
59 
104 
120 
151 
224 
234 
245 
250 
271 
278 
345 
346 
351 
360 
6 21
35 
47 
55 
62 
63 
97 
98 
126 
130 
136 
137 
140 
142 
150 
155 
164 
235 
236 
240 
359 
372 
7 23
1 
2 
65 
74 
94 
99 
154 
184 
186 
191 
209 
215 
243 
268 
275 
283 
286 
304 
345 
348 
354 
374 
399 
8 12
29 
60 
129 
185 
194 
256 
274 
298 
335 
349 
389 
394 
9 23
4 
30 
33 
38 
39 
71 
72 
93 
95 
101 
137 
138 
174 
181 
187 
213 
271 
302 
309 
348 
362 
382 
398 
10 12
30 
88 
111 
197 
245 
271 
280 
313 
332 
336 
344 
366 
11 9
7 
39 
102 
125 
240 
289 
294 
345 
349 
12 8
35 
37 
59 
212 
225 
257 
372 
379 
13 11
119 
120 
154 
193 
226 
232 
253 
259 
367 
368 
379 
14 11
4 
20 
21 
25 
44 
96 
180 
181 
183 
223 
224 
15 17
104 
111 
122 
165 
176 
178 
189 
224 
296 
299 
313 
314 
317 
323 
324 
345 
370 
16 23
37 
56 
71 
80 
85 
89 
90 
103 
122 
149 
156 
168 
180 
215 
225 
229 
270 
282 
312 
319 
324 
335 
342 
17 12
2 
70 
71 
74 
130 
220 
229 
234 
342 
349 
355 
373 
18 13
7 
49 
104 
196 
210 
227 
228 
229 
260 
263 
272 
299 
378 
19 11
14 
114 
170 
202 
207 
302 
303 
329 
341 
345 
359 
0.200000 20
0 30
0 
12 
18 
26 
35 
38 
42 
51 
100 
150 
171 
172 
189 
203 
210 
262 
265 
266 
271 
275 
277 
292 
293 
297 
299 
300 
326 
330 
359 
389 
1 34
20 
24 
32 
37 
50 
71 
92 
112 
136 
154 
171 
175 
178 
179 
201 
219 
224 
230 
253 
269 
272 
273 
306 
316 
327 
328 
329 
346 
347 
361 
362 
377 
378 
396 
2 45
0 
40 
45 
50 
53 
71 
74 
79 
89 
94 
104 
105 
110 
112 
116 
121 
124 
128 
133 
137 
139 
145 
156 
170 
179 
184 
190 
203 
214 
227 
233 
239 
275 
276 
289 
293 
303 
310 
311 
324 
329 
356 
365 
387 
399 
3 41
4 
17 
18 
35 
41 
42 
50 
87 
103 
120 
123 
124 
126 
141 
150 
152 
154 
165 
168 
177 
179 
180 
185 
187 
190 
191 
213 
226 
230 
254 
259 
275 
329 
344 
346 
366 
373 
377 
383 
390 
399 
4 39
10 
12 
20 
26 
28 
50 
60 
65 
79 
83 
99 
105 
110 
111 
129 
144 
170 
188 
189 
196 
212 
217 
221 
237 
241 
242 
260 
283 
300 
301 
305 
306 
310 
331 
350 
358 
384 
390 
392 
5 44
0 
20 
21 
22 
24 
26 
29 
34 
49 
50 
54 
64 
74 
82 
86 
87 
103 
115 
139 
150 
152 
164 
185 
189 
203 
210 
216 
222 
230 
235 
242 
251 
275 
277 
298 
320 
350 
354 
357 
385 
386 
389 
391 
399 
6 42
5 
42 
43 
61 
91 
95 
104 
105 
107 
127 
131 
132 
135 
141 
146 
147 
156 
160 
183 
189 
193 
194 
204 
218 
237 
241 
242 
246 
247 
258 
259 
298 
299 
308 
313 
314 
319 
328 
332 
338 
378 
381 
7 47
6 
20 
24 
26 
31 
32 
38 
43 
70 
72 
80 
83 
95 
100 
116 
123 
132 
133 
134 
137 
138 
165 
166 
189 
190 
204 
218 
220 
239 
242 
265 
266 
271 
324 
325 
332 
337 
349 
352 
366 
367 
369 
372 
373 
377 
392 
395 
8 35
0 
5 
58 
62 
65 
118 
140 
149 
152 
159 
180 
199 
204 
219 
224 
240 
244 
247 
259 
264 
296 
299 
301 
304 
310 
311 
312 
315 
320 
322 
354 
369 
374 
383 
388 
9 42
3 
9 
25 
51 
57 
74 
92 
94 
96 
103 
106 
107 
108 
122 
123 
124 
128 
133 
134 
142 
144 
188 
194 
212 
238 
252 
256 
257 
258 
259 
272 
273 
274 
286 
296 
304 
325 
328 
341 
342 
357 
397 
10 37
13 
25 
42 
49 
69 
84 
85 
91 
95 
104 
105 
106 
107 
110 
181 
190 
192 
196 
205 
227 
239 
272 
275 
276 
288 
312 
319 
337 
339 
348 
349 
365 
370 
377 
378 
398 
399 
11 23
5 
12 
22 
25 
28 
49 
56 
60 
62 
75 
112 
122 
145 
149 
235 
238 
245 
255 
257 
259 
318 
340 
370 
12 33
32 
44 
52 
53 
91 
112 
117 
118 
123 
124 
152 
153 
159 
195 
203 
204 
226 
234 
235 
237 
254 
256 
347 
360 
364 
369 
370 
374 
376 
382 
386 
390 
394 
13 39
12 
19 
24 
49 
52 
53 
55 
59 
61 
75 
101 
108 
113 
114 
149 
162 
176 
188 
197 
198 
205 
213 
227 
237 
248 
264 
324 
353 
359 
371 
383 
384 
386 
387 
389 
392 
393 
396 
398 
14 35
3 
23 
24 
33 
47 
48 
67 
84 
90 
92 
95 
175 
178 
182 
184 
188 
189 
215 
220 
222 
227 
230 
231 
244 
245 
280 
290 
291 
313 
318 
336 
372 
384 
385 
399 
15 30
9 
30 
49 
76 
79 
82 
85 
113 
117 
121 
124 
145 
147 
184 
197 
219 
246 
250 
275 
276 
311 
318 
319 
325 
340 
350 
358 
361 
385 
397 
16 38
0 
11 
12 
21 
43 
48 
49 
52 
54 
62 
67 
72 
74 
75 
95 
99 
107 
108 
117 
144 
167 
175 
210 
220 
221 
234 
250 
274 
288 
313 
320 
330 
349 
365 
370 
374 
381 
397 
17 43
29 
32 
33 
34 
40 
46 
72 
86 
100 
101 
102 
104 
109 
120 
121 
127 
149 
174 
175 
181 
186 
187 
190 
191 
195 
197 
221 
228 
271 
285 
290 
303 
319 
348 
361 
366 
367 
371 
374 
377 
382 
387 
398 
18 24
2 
10 
24 
47 
54 
77 
120 
132 
155 
163 
179 
184 
189 
201 
204 
246 
258 
261 
344 
347 
348 
379 
385 
389 
19 39
40 
49 
67 
68 
70 
71 
97 
99 
119 
123 
132 
153 
158 
159 
166 
167 
200 
201 
212 
220 
226 
227 
233 
244 
279 
290 
292 
293 
300 
304 
308 
309 
310 
311 
312 
321 
338 
342 
346 
-0.900000 1
3 1
133 
-0.400000 20
0 5
186 
213 
318 
346 
387 
1 6
16 
29 
52 
80 
81 
182 
2 11
11 
62 
64 
102 
158 
159 
164 
231 
314 
342 
358 
3 8
11 
33 
38 
83 
93 
127 
285 
392 
4 15
30 
91 
130 
131 
176 
177 
213 
218 
230 
291 
296 
322 
324 
344 
376 
5 14
107 
111 
112 
113 
118 
260 
305 
307 
331 
332 
338 
375 
376 
382 
6 6
84 
225 
277 
282 
342 
392 
7 18
14 
28 
64 
106 
107 
113 
163 
291 
308 
316 
318 
333 
342 
364 
381 
382 
387 
394 
8 8
34 
37 
42 
82 
94 
96 
142 
143 
9 8
105 
130 
135 
184 
315 
336 
337 
353 
10 6
126 
131 
165 
187 
278 
303 
11 6
1 
41 
186 
187 
193 
328 
12 6
18 
102 
103 
108 
271 
357 
13 10
3 
133 
277 
288 
309 
313 
328 
333 
358 
369 
14 8
15 
112 
113 
117 
151 
166 
191 
363 
15 13
6 
21 
36 
37 
87 
102 
114 
119 
242 
243 
269 
271 
359 
16 14
13 
31 
87 
110 
119 
131 
135 
146 
153 
183 
285 
309 
388 
389 
17 6
30 
137 
142 
245 
307 
331 
18 7
27 
28 
90 
142 
181 
182 
192 
19 7
30 
103 
176 
222 
370 
376 
381 
-0.300000 20
0 22
6 
53 
93 
103 
108 
112 
127 
132 
165 
192 
220 
252 
284 
323 
342 
347 
353 
376 
385 
386 
392 
393 
1 22
17 
34 
39 
47 
48 
82 
86 
88 
129 
138 
157 
158 
163 
188 
220 
241 
245 
246 
248 
294 
299 
318 
2 29
7 
17 
30 
57 
58 
69 
103 
119 
163 
166 
172 
196 
205 
225 
251 
264 
266 
285 
296 
297 
313 
317 
359 
361 
366 
372 
373 
389 
396 
3 25
6 
34 
43 
60 
76 
85 
98 
117 
122 
128 
134 
137 
139 
161 
178 
188 
194 
197 
199 
228 
233 
239 
244 
327 
331 
4 33
4 
31 
33 
54 
58 
59 
85 
90 
108 
109 
118 
125 
126 
141 
153 
182 
208 
223 
226 
231 
232 
263 
281 
304 
308 
316 
317 
318 
340 
343 
346 
347 
381 
5 25
5 
47 
97 
99 
105 
106 
108 
116 
157 
158 
160 
187 
261 
262 
301 
308 
313 
333 
342 
343 
361 
362 
363 
371 
381 
6 27
13 
18 
23 
30 
32 
39 
83 
89 
94 
116 
123 
165 
167 
168 
180 
181 
191 
217 
223 
281 
286 
291 
321 
340 
368 
390 
397 
7 22
12 
56 
58 
82 
112 
150 
157 
158 
176 
182 
211 
289 
293 
309 
314 
326 
327 
341 
343 
362 
363 
389 
8 14
31 
32 
43 
48 
83 
93 
97 
136 
231 
232 
233 
238 
294 
361 
9 33
5 
13 
28 
48 
60 
79 
84 
87 
111 
112 
114 
120 
158 
163 
177 
215 
216 
217 
234 
262 
263 
288 
289 
297 
316 
330 
339 
340 
344 
365 
373 
383 
389 
10 15
51 
56 
115 
120 
136 
153 
154 
160 
221 
225 
265 
283 
310 
371 
380 
11 19
43 
89 
97 
154 
177 
178 
182 
183 
192 
196 
197 
198 
219 
291 
304 
309 
329 
338 
339 
12 25
6 
17 
22 
23 
66 
71 
74 
97 
100 
109 
169 
173 
186 
239 
267 
273 
274 
276 
277 
281 
300 
305 
325 
330 
331 
13 21
9 
93 
94 
111 
117 
123 
128 
132 
174 
204 
244 
276 
282 
301 
302 
303 
338 
351 
352 
363 
374 
14 39
35 
60 
61 
65 
111 
118 
119 
129 
133 
134 
136 
137 
138 
139 
156 
161 
167 
171 
172 
192 
193 
197 
198 
260 
261 
265 
266 
270 
277 
279 
282 
283 
284 
288 
320 
332 
345 
346 
392 
15 40
1 
2 
3 
22 
23 
32 
33 
51 
58 
63 
66 
68 
71 
73 
83 
86 
91 
118 
151 
158 
172 
205 
213 
216 
230 
248 
259 
261 
262 
264 
266 
272 
274 
278 
282 
328 
342 
368 
395 
398 
16 23
36 
41 
47 
60 
65 
81 
82 
83 
86 
97 
105 
120 
145 
160 
182 
217 
257 
290 
328 
339 
348 
383 
394 
17 28
11 
12 
14 
17 
18 
57 
59 
116 
117 
138 
150 
154 
155 
159 
160 
176 
275 
281 
282 
287 
323 
328 
333 
337 
338 
352 
358 
364 
18 25
1 
6 
33 
34 
39 
92 
98 
165 
174 
180 
193 
217 
243 
244 
251 
254 
282 
287 
288 
290 
306 
311 
316 
321 
341 
19 19
6 
74 
79 
81 
84 
108 
111 
116 
173 
191 
192 
234 
356 
357 
361 
380 
382 
386 
392 
0.700000 3
0 1
87 
9 1
326 
17 2
170 
372 
-0.100000 20
0 83
1 
2 
10 
29 
33 
34 
39 
46 
54 
57 
61 
66 
69 
70 
71 
81 
86 
92 
94 
96 
111 
113 
126 
129 
134 
141 
148 
153 
154 
155 
157 
160 
162 
166 
170 
173 
174 
175 
176 
183 
188 
191 
193 
195 
200 
208 
211 
212 
216 
217 
219 
221 
222 
223 
226 
229 
231 
233 
234 
238 
239 
244 
245 
249 
253 
258 
272 
280 
295 
315 
320 
331 
333 
335 
337 
345 
357 
364 
368 
373 
375 
391 
395 
1 94
1 
8 
22 
28 
30 
41 
43 
44 
51 
62 
68 
76 
89 
96 
98 
99 
102 
103 
104 
105 
107 
108 
109 
120 
122 
123 
127 
128 
132 
133 
135 
139 
143 
144 
147 
148 
149 
162 
174 
176 
177 
181 
193 
194 
203 
205 
208 
216 
223 
229 
232 
233 
234 
235 
236 
238 
239 
243 
255 
256 
261 
262 
266 
277 
278 
281 
282 
283 
284 
309 
312 
313 
317 
322 
323 
324 
326 
334 
338 
348 
353 
358 
368 
374 
375 
376 
381 
384 
388 
390 
393 
395 
397 
399 
2 78
4 
5 
6 
12 
18 
21 
22 
23 
25 
35 
41 
43 
47 
48 
49 
52 
54 
59 
75 
78 
80 
81 
83 
91 
99 
106 
109 
126 
127 
130 
136 
149 
150 
151 
155 
160 
161 
165 
168 
175 
193 
200 
208 
211 
212 
217 
219 
229 
234 
237 
245 
250 
252 
258 
259 
267 
271 
273 
279 
286 
292 
294 
300 
316 
318 
319 
334 
337 
341 
345 
349 
360 
364 
378 
381 
384 
393 
397 
3 75
7 
10 
15 
16 
19 
21 
31 
37 
47 
49 
56 
57 
62 
65 
67 
72 
75 
78 
82 
91 
104 
113 
115 
116 
118 
144 
155 
156 
162 
167 
172 
198 
202 
205 
219 
220 
221 
237 
240 
242 
243 
246 
247 
257 
261 
263 
271 
272 
273 
274 
279 
282 
301 
303 
307 
308 
310 
311 
316 
324 
335 
336 
347 
350 
352 
353 
356 
359 
360 
369 
371 
374 
385 
396 
397 
4 76
7 
13 
16 
17 
18 
21 
23 
24 
25 
32 
34 
52 
63 
68 
69 
71 
73 
80 
81 
92 
96 
97 
102 
103 
112 
114 
117 
120 
121 
122 
127 
132 
133 
138 
143 
147 
151 
154 
156 
157 
168 
169 
174 
178 
180 
183 
203 
206 
207 
219 
227 
245 
250 
255 
270 
271 
274 
276 
280 
285 
287 
314 
319 
321 
338 
345 
348 
351 
353 
356 
357 
362 
364 
369 
374 
386 
5 78
6 
10 
16 
18 
36 
37 
46 
53 
55 
58 
66 
78 
79 
90 
94 
95 
123 
126 
133 
134 
135 
136 
137 
138 
141 
148 
149 
154 
155 
156 
159 
161 
162 
172 
173 
175 
177 
178 
179 
182 
201 
207 
213 
215 
218 
228 
244 
246 
248 
253 
255 
263 
274 
282 
286 
288 
292 
294 
303 
310 
314 
316 
325 
326 
334 
339 
355 
356 
364 
367 
369 
370 
377 
379 
384 
387 
393 
398 
6 69
3 
8 
11 
12 
15 
16 
17 
21 
27 
31 
33 
34 
38 
45 
64 
66 
69 
71 
73 
82 
87 
121 
122 
128 
161 
162 
163 
174 
176 
177 
187 
202 
207 
208 
213 
222 
224 
226 
228 
231 
233 
245 
248 
249 
271 
273 
275 
280 
300 
301 
325 
327 
335 
337 
343 
344 
353 
355 
360 
362 
365 
366 
369 
382 
385 
388 
393 
396 
399 
7 73
4 
11 
15 
16 
41 
46 
47 
52 
60 
62 
67 
77 
78 
79 
96 
101 
103 
109 
111 
118 
121 
125 
128 
131 
136 
139 
145 
146 
147 
152 
168 
170 
177 
178 
180 
181 
188 
193 
197 
198 
207 
221 
222 
224 
227 
228 
236 
237 
244 
247 
249 
253 
254 
255 
256 
259 
263 
264 
284 
287 
298 
306 
312 
319 
321 
346 
351 
358 
370 
376 
380 
393 
396 
8 72
1 
3 
6 
7 
9 
11 
49 
56 
74 
78 
81 
85 
91 
95 
99 
100 
105 
110 
111 
114 
115 
116 
122 
126 
130 
153 
155 
156 
160 
161 
162 
165 
175 
176 
188 
193 
200 
201 
203 
208 
212 
213 
217 
218 
225 
228 
236 
252 
253 
263 
265 
280 
281 
282 
285 
290 
292 
295 
324 
338 
346 
351 
357 
358 
362 
375 
376 
379 
381 
382 
385 
390 
9 79
6 
10 
11 
15 
16 
18 
19 
23 
26 
27 
40 
41 
42 
45 
53 
55 
65 
80 
81 
83 
85 
86 
117 
119 
125 
126 
129 
141 
145 
151 
152 
159 
165 
167 
168 
169 
170 
175 
196 
198 
202 
208 
209 
211 
214 
220 
235 
237 
241 
243 
246 
247 
248 
250 
253 
260 
261 
294 
298 
300 
312 
313 
318 
322 
323 
333 
349 
358 
359 
363 
366 
368 
376 
377 
384 
387 
390 
391 
392 
10 79
1 
2 
10 
12 
21 
29 
31 
34 
38 
39 
40 
48 
52 
53 
64 
66 
67 
68 
77 
87 
93 
97 
113 
123 
125 
128 
133 
140 
147 
152 
157 
176 
179 
188 
201 
202 
207 
211 
217 
218 
224 
226 
229 
230 
231 
237 
242 
243 
244 
257 
279 
282 
284 
286 
289 
290 
298 
302 
306 
309 
311 
314 
315 
318 
328 
330 
333 
334 
355 
358 
359 
373 
379 
383 
385 
387 
389 
392 
393 
11 91
11 
13 
19 
23 
24 
30 
31 
32 
33 
46 
48 
52 
54 
67 
80 
82 
83 
95 
99 
100 
108 
109 
113 
116 
118 
123 
152 
155 
159 
160 
162 
163 
172 
173 
174 
181 
185 
195 
199 
202 
210 
213 
215 
216 
223 
224 
236 
243 
246 
247 
250 
253 
261 
272 
279 
281 
282 
283 
285 
286 
287 
290 
296 
297 
301 
302 
303 
305 
307 
310 
315 
317 
319 
321 
333 
336 
350 
352 
354 
365 
367 
372 
373 
375 
376 
378 
379 
384 
392 
394 
396 
12 80
27 
28 
38 
46 
47 
55 
60 
61 
67 
72 
73 
81 
86 
88 
89 
92 
96 
104 
105 
107 
114 
125 
126 
131 
138 
139 
141 
143 
156 
163 
164 
168 
172 
177 
178 
185 
187 
190 
198 
207 
210 
217 
219 
246 
249 
266 
270 
279 
282 
283 
287 
288 
292 
293 
294 
295 
298 
303 
308 
312 
313 
314 
318 
319 
321 
326 
327 
336 
353 
356 
361 
362 
366 
367 
375 
385 
388 
389 
393 
396 
13 90
14 
17 
31 
32 
41 
43 
46 
50 
69 
71 
73 
74 
77 
81 
82 
83 
84 
87 
88 
91 
95 
98 
105 
110 
122 
124 
126 
127 
129 
131 
134 
135 
136 
139 
142 
144 
145 
150 
151 
163 
165 
172 
173 
181 
185 
190 
191 
195 
199 
207 
214 
219 
223 
224 
228 
230 
236 
242 
245 
254 
260 
265 
268 
272 
275 
279 
286 
287 
289 
296 
306 
307 
319 
322 
326 
331 
334 
336 
340 
342 
343 
344 
347 
357 
360 
364 
366 
372 
385 
395 
14 71
0 
5 
9 
11 
12 
17 
18 
27 
50 
51 
57 
58 
64 
77 
83 
85 
89 
107 
110 
127 
132 
135 
141 
144 
147 
148 
149 
152 
155 
158 
159 
165 
170 
173 
186 
187 
195 
202 
210 
213 
228 
232 
233 
234 
236 
237 
238 
241 
255 
256 
257 
258 
268 
269 
276 
309 
322 
325 
327 
330 
334 
342 
343 
358 
359 
360 
366 
367 
393 
396 
397 
15 99
0 
4 
5 
10 
15 
17 
18 
24 
29 
31 
35 
47 
48 
52 
55 
57 
59 
60 
64 
65 
69 
72 
74 
75 
90 
92 
105 
115 
116 
123 
126 
128 
136 
141 
146 
148 
152 
153 
157 
162 
164 
167 
168 
181 
182 
185 
187 
192 
193 
198 
203 
204 
207 
208 
209 
211 
212 
214 
217 
218 
221 
231 
235 
239 
240 
251 
252 
254 
257 
258 
263 
265 
268 
270 
273 
277 
281 
291 
301 
307 
320 
321 
331 
343 
344 
357 
365 
366 
367 
372 
373 
375 
377 
378 
380 
383 
389 
393 
396 
16 63
1 
5 
15 
23 
32 
34 
40 
46 
70 
94 
102 
106 
121 
130 
132 
137 
142 
152 
155 
158 
169 
178 
181 
187 
188 
196 
197 
203 
205 
212 
222 
226 
231 
235 
237 
238 
239 
242 
243 
247 
251 
252 
253 
273 
278 
280 
291 
292 
294 
299 
301 
305 
311 
322 
343 
347 
363 
364 
367 
368 
369 
390 
393 
17 85
3 
4 
6 
20 
21 
25 
27 
35 
37 
50 
51 
52 
53 
54 
55 
61 
63 
66 
77 
78 
79 
92 
94 
95 
98 
99 
105 
106 
107 
110 
111 
112 
113 
114 
122 
133 
136 
146 
151 
156 
163 
167 
178 
179 
184 
188 
193 
203 
205 
207 
209 
214 
225 
238 
243 
254 
255 
260 
262 
263 
267 
268 
269 
279 
283 
291 
305 
306 
311 
315 
317 
334 
335 
336 
340 
346 
359 
360 
362 
363 
376 
380 
386 
391 
396 
18 91
11 
21 
26 
29 
30 
31 
37 
38 
43 
53 
56 
57 
59 
60 
61 
62 
65 
66 
67 
70 
72 
73 
74 
80 
85 
89 
95 
102 
107 
111 
112 
114 
115 
117 
119 
122 
125 
141 
143 
144 
146 
151 
153 
154 
161 
168 
169 
185 
191 
197 
209 
214 
216 
219 
223 
224 
233 
236 
245 
252 
267 
268 
274 
291 
297 
301 
302 
303 
307 
308 
315 
317 
320 
326 
333 
335 
340 
342 
346 
353 
355 
360 
361 
363 
369 
381 
386 
391 
392 
394 
399 
19 97
1 
17 
28 
35 
36 
47 
48 
58 
62 
65 
73 
75 
76 
78 
82 
83 
87 
89 
92 
95 
98 
105 
106 
107 
112 
113 
121 
125 
126 
129 
131 
135 
140 
147 
152 
155 
156 
157 
160 
163 
164 
169 
174 
175 
177 
179 
182 
190 
193 
194 
198 
199 
204 
205 
209 
213 
216 
217 
218 
221 
229 
230 
236 
237 
242 
245 
252 
254 
265 
268 
272 
278 
283 
286 
291 
323 
331 
335 
339 
344 
348 
350 
352 
353 
355 
362 
365 
366 
371 
379 
383 
385 
388 
393 
394 
397 
398 
-0.200000 20
0 53
3 
4 
7 
11 
36 
45 
72 
88 
89 
107 
116 
131 
133 
137 
138 
156 
161 
177 
185 
190 
196 
228 
251 
256 
257 
261 
274 
279 
283 
291 
296 
305 
309 
317 
321 
322 
328 
329 
348 
350 
362 
366 
367 
371 
372 
377 
380 
383 
388 
390 
394 
397 
398 
1 57
6 
7 
11 
12 
13 
18 
21 
40 
46 
57 
73 
83 
84 
87 
90 
91 
93 
101 
134 
140 
141 
142 
146 
151 
169 
183 
187 
196 
199 
210 
215 
221 
222 
240 
242 
244 
247 
249 
250 
251 
267 
280 
288 
289 
293 
298 
314 
319 
325 
330 
352 
359 
363 
364 
369 
373 
382 
2 52
9 
10 
13 
14 
16 
32 
33 
42 
68 
85 
86 
88 
101 
118 
135 
141 
153 
167 
171 
173 
180 
195 
197 
198 
206 
210 
215 
216 
218 
220 
224 
228 
230 
243 
244 
261 
272 
280 
288 
291 
302 
308 
309 
328 
333 
335 
338 
353 
355 
367 
374 
392 
3 38
5 
28 
29 
30 
39 
44 
51 
52 
90 
101 
142 
148 
166 
184 
189 
193 
212 
229 
234 
251 
255 
262 
267 
277 
278 
283 
284 
288 
289 
290 
294 
302 
309 
323 
348 
364 
380 
391 
4 52
3 
8 
9 
14 
19 
41 
53 
64 
72 
86 
104 
107 
113 
119 
123 
136 
140 
142 
146 
158 
173 
181 
201 
205 
209 
214 
225 
233 
234 
240 
252 
253 
258 
268 
273 
275 
282 
286 
290 
295 
323 
329 
349 
352 
365 
366 
377 
379 
393 
395 
398 
399 
5 55
8 
11 
42 
48 
56 
61 
67 
91 
96 
98 
100 
101 
109 
110 
119 
122 
125 
130 
144 
146 
167 
168 
176 
181 
186 
192 
193 
206 
212 
225 
226 
232 
238 
267 
268 
269 
273 
280 
281 
283 
284 
285 
287 
295 
302 
309 
317 
318 
341 
365 
368 
378 
383 
388 
390 
6 57
22 
25 
28 
44 
54 
65 
70 
79 
80 
81 
88 
117 
118 
133 
138 
139 
144 
149 
166 
170 
171 
173 
175 
182 
186 
192 
201 
212 
216 
229 
230 
234 
239 
244 
262 
272 
274 
276 
285 
292 
310 
311 
312 
315 
318 
322 
346 
351 
352 
356 
358 
361 
363 
367 
386 
387 
395 
7 49
3 
8 
17 
18 
27 
29 
48 
49 
51 
55 
57 
59 
68 
69 
81 
85 
97 
105 
120 
130 
135 
140 
149 
151 
156 
159 
164 
171 
172 
183 
194 
199 
214 
223 
231 
250 
257 
262 
273 
276 
277 
288 
290 
295 
315 
331 
339 
350 
361 
8 41
4 
8 
13 
18 
33 
36 
38 
39 
40 
41 
44 
86 
89 
98 
109 
128 
148 
181 
182 
183 
187 
192 
226 
227 
237 
243 
267 
268 
272 
283 
284 
288 
289 
293 
323 
345 
352 
356 
363 
366 
398 
9 70
0 
1 
29 
34 
43 
44 
46 
47 
49 
59 
61 
62 
63 
64 
77 
91 
99 
100 
113 
116 
131 
140 
150 
153 
156 
157 
161 
162 
164 
166 
176 
179 
183 
190 
191 
200 
203 
204 
210 
218 
227 
228 
229 
230 
242 
249 
254 
255 
264 
266 
267 
277 
282 
287 
293 
305 
306 
310 
314 
319 
320 
324 
331 
338 
354 
364 
378 
385 
388 
393 
10 60
5 
6 
11 
16 
27 
28 
32 
37 
50 
55 
58 
59 
60 
61 
63 
65 
76 
81 
86 
116 
117 
118 
119 
121 
122 
127 
130 
132 
137 
142 
143 
145 
148 
156 
158 
159 
161 
166 
170 
175 
182 
183 
216 
238 
250 
251 
255 
256 
261 
277 
316 
326 
329 
342 
362 
367 
369 
372 
374 
388 
11 43
3 
14 
16 
40 
44 
79 
84 
85 
86 
87 
96 
129 
146 
153 
179 
191 
211 
212 
217 
227 
232 
242 
251 
252 
264 
275 
280 
292 
298 
300 
306 
311 
312 
313 
314 
325 
334 
335 
337 
343 
355 
385 
386 
12 51
1 
13 
15 
16 
19 
20 
21 
24 
39 
45 
48 
63 
64 
65 
68 
69 
70 
95 
101 
142 
145 
147 
150 
165 
174 
175 
191 
216 
241 
245 
250 
280 
306 
310 
311 
317 
322 
323 
338 
343 
345 
348 
351 
352 
355 
358 
359 
378 
380 
383 
398 
13 41
2 
8 
37 
38 
45 
48 
65 
68 
70 
78 
89 
99 
104 
106 
109 
138 
143 
152 
201 
209 
222 
229 
234 
263 
271 
274 
278 
281 
284 
292 
293 
298 
317 
318 
327 
339 
345 
348 
365 
376 
380 
14 56
6 
16 
28 
53 
55 
56 
66 
70 
71 
105 
106 
108 
109 
114 
115 
120 
128 
142 
143 
150 
153 
157 
162 
168 
194 
196 
199 
203 
206 
211 
212 
262 
263 
267 
278 
281 
287 
289 
300 
321 
328 
331 
333 
337 
338 
339 
344 
347 
353 
361 
362 
364 
368 
369 
375 
391 
15 54
7 
11 
12 
16 
19 
28 
39 
43 
44 
54 
56 
61 
70 
97 
100 
101 
106 
108 
135 
150 
155 
156 
169 
173 
174 
199 
200 
201 
206 
227 
233 
236 
237 
241 
256 
260 
267 
283 
284 
286 
287 
289 
300 
304 
333 
338 
339 
353 
364 
376 
386 
391 
392 
399 
16 46
9 
18 
19 
25 
26 
30 
35 
39 
68 
69 
77 
111 
116 
126 
127 
147 
164 
165 
166 
186 
191 
209 
213 
214 
227 
232 
236 
240 
241 
268 
277 
293 
302 
304 
308 
310 
325 
329 
332 
334 
361 
362 
366 
371 
384 
395 
17 62
0 
8 
9 
10 
13 
15 
16 
19 
36 
43 
56 
58 
62 
64 
67 
75 
80 
93 
118 
119 
123 
124 
129 
132 
143 
145 
152 
153 
158 
161 
162 
164 
165 
166 
177 
182 
183 
189 
201 
202 
208 
246 
250 
259 
264 
276 
277 
278 
280 
286 
308 
312 
316 
321 
339 
345 
351 
357 
370 
381 
393 
395 
18 53
16 
18 
32 
42 
44 
50 
51 
58 
69 
71 
88 
91 
96 
97 
99 
106 
108 
113 
116 
118 
123 
140 
152 
166 
167 
170 
172 
175 
188 
190 
199 
215 
218 
240 
241 
242 
250 
253 
269 
277 
283 
285 
286 
292 
295 
309 
328 
330 
331 
336 
376 
396 
398 
19 50
5 
18 
21 
22 
23 
25 
26 
31 
52 
53 
56 
57 
60 
61 
66 
102 
104 
117 
130 
134 
150 
151 
168 
180 
184 
187 
188 
195 
214 
241 
250 
251 
258 
259 
263 
264 
267 
277 
287 
322 
324 
326 
351 
358 
360 
374 
375 
387 
391 
399 
-0.800000 1
0 1
182 
